|6.6.6
Archiving\03_Data\eq/QFM_m0.75/Y98/Y98_3.tab                              
           1
T(K)    
  0.000000000000000E+000
  0.000000000000000E+000
           0
          11
T(K)           P(bar)         melt(TH)       pxmn           Ni             O(HP)          Sp(TH)         Opx(TH)        Cpx(TH)        Cpx(TH)        an            
  2000.00        2500.00        99.2169       0.774755       0.835186E-002            NaN            NaN            NaN            NaN            NaN            NaN
  1996.79        2500.00        99.2168       0.774825       0.835184E-002            NaN            NaN            NaN            NaN            NaN            NaN
  1993.59        2500.00        99.2168       0.774894       0.835181E-002            NaN            NaN            NaN            NaN            NaN            NaN
  1990.38        2500.00        99.2167       0.774964       0.835179E-002            NaN            NaN            NaN            NaN            NaN            NaN
  1987.18        2500.00        99.2166       0.775034       0.835177E-002            NaN            NaN            NaN            NaN            NaN            NaN
  1983.97        2500.00        99.2165       0.775104       0.835176E-002            NaN            NaN            NaN            NaN            NaN            NaN
  1980.77        2500.00        99.2165       0.775173       0.835174E-002            NaN            NaN            NaN            NaN            NaN            NaN
  1977.56        2500.00        99.2164       0.775243       0.835173E-002            NaN            NaN            NaN            NaN            NaN            NaN
  1974.36        2500.00        99.2163       0.775313       0.835172E-002            NaN            NaN            NaN            NaN            NaN            NaN
  1971.15        2500.00        99.2163       0.775383       0.835170E-002            NaN            NaN            NaN            NaN            NaN            NaN
  1967.95        2500.00        99.2162       0.775453       0.835169E-002            NaN            NaN            NaN            NaN            NaN            NaN
  1964.74        2500.00        99.2161       0.775523       0.835168E-002            NaN            NaN            NaN            NaN            NaN            NaN
  1961.54        2500.00        99.2161       0.775593       0.835168E-002            NaN            NaN            NaN            NaN            NaN            NaN
  1958.33        2500.00        99.2160       0.775663       0.835167E-002            NaN            NaN            NaN            NaN            NaN            NaN
  1955.13        2500.00        99.2159       0.775734       0.835167E-002            NaN            NaN            NaN            NaN            NaN            NaN
  1951.92        2500.00        99.2158       0.775804       0.835167E-002            NaN            NaN            NaN            NaN            NaN            NaN
  1948.72        2500.00        99.2158       0.775874       0.835167E-002            NaN            NaN            NaN            NaN            NaN            NaN
  1945.51        2500.00        99.2157       0.775944       0.835167E-002            NaN            NaN            NaN            NaN            NaN            NaN
  1942.31        2500.00        99.2156       0.776014       0.835167E-002            NaN            NaN            NaN            NaN            NaN            NaN
  1939.10        2500.00        99.2156       0.776085       0.835168E-002            NaN            NaN            NaN            NaN            NaN            NaN
  1935.90        2500.00        99.2155       0.776155       0.835168E-002            NaN            NaN            NaN            NaN            NaN            NaN
  1932.69        2500.00        99.2154       0.776225       0.835169E-002            NaN            NaN            NaN            NaN            NaN            NaN
  1929.49        2500.00        99.2154       0.776296       0.835170E-002            NaN            NaN            NaN            NaN            NaN            NaN
  1926.28        2500.00        99.2153       0.776366       0.835171E-002            NaN            NaN            NaN            NaN            NaN            NaN
  1923.08        2500.00        99.2152       0.776437       0.835172E-002            NaN            NaN            NaN            NaN            NaN            NaN
  1919.87        2500.00        99.2151       0.776507       0.835174E-002            NaN            NaN            NaN            NaN            NaN            NaN
  1916.67        2500.00        99.2151       0.776577       0.835175E-002            NaN            NaN            NaN            NaN            NaN            NaN
  1913.46        2500.00        99.2150       0.776648       0.835177E-002            NaN            NaN            NaN            NaN            NaN            NaN
  1910.26        2500.00        99.2149       0.776718       0.835179E-002            NaN            NaN            NaN            NaN            NaN            NaN
  1907.05        2500.00        99.2149       0.776789       0.835181E-002            NaN            NaN            NaN            NaN            NaN            NaN
  1903.85        2500.00        99.2148       0.776860       0.835183E-002            NaN            NaN            NaN            NaN            NaN            NaN
  1900.64        2500.00        99.2147       0.776930       0.835185E-002            NaN            NaN            NaN            NaN            NaN            NaN
  1897.44        2500.00        99.2146       0.777001       0.835188E-002            NaN            NaN            NaN            NaN            NaN            NaN
  1894.23        2500.00        99.2146       0.777072       0.835190E-002            NaN            NaN            NaN            NaN            NaN            NaN
  1891.03        2500.00        99.2145       0.777142       0.835192E-002            NaN            NaN            NaN            NaN            NaN            NaN
  1887.82        2500.00        99.2144       0.777213       0.835195E-002            NaN            NaN            NaN            NaN            NaN            NaN
  1884.62        2500.00        99.2144       0.777283       0.835198E-002            NaN            NaN            NaN            NaN            NaN            NaN
  1881.41        2500.00        99.2143       0.777354       0.835201E-002            NaN            NaN            NaN            NaN            NaN            NaN
  1878.21        2500.00        99.2142       0.777425       0.835204E-002            NaN            NaN            NaN            NaN            NaN            NaN
  1875.00        2500.00        99.2142       0.777496       0.835208E-002            NaN            NaN            NaN            NaN            NaN            NaN
  1871.79        2500.00        99.2141       0.777567       0.835212E-002            NaN            NaN            NaN            NaN            NaN            NaN
  1868.59        2500.00        99.2140       0.777638       0.835215E-002            NaN            NaN            NaN            NaN            NaN            NaN
  1865.38        2500.00        99.2139       0.777708       0.835219E-002            NaN            NaN            NaN            NaN            NaN            NaN
  1862.18        2500.00        99.2139       0.777779       0.835223E-002            NaN            NaN            NaN            NaN            NaN            NaN
  1858.97        2500.00        99.2138       0.777850       0.835227E-002            NaN            NaN            NaN            NaN            NaN            NaN
  1855.77        2500.00        99.2137       0.777921       0.835231E-002            NaN            NaN            NaN            NaN            NaN            NaN
  1852.56        2500.00        99.2137       0.777992       0.835235E-002            NaN            NaN            NaN            NaN            NaN            NaN
  1849.36        2500.00        99.2136       0.778063       0.835240E-002            NaN            NaN            NaN            NaN            NaN            NaN
  1846.15        2500.00        99.2135       0.778134       0.835244E-002            NaN            NaN            NaN            NaN            NaN            NaN
  1842.95        2500.00        99.2134       0.778205       0.835249E-002            NaN            NaN            NaN            NaN            NaN            NaN
  1839.74        2500.00        99.2134       0.778276       0.835254E-002            NaN            NaN            NaN            NaN            NaN            NaN
  1836.54        2500.00        99.2133       0.778347       0.835259E-002            NaN            NaN            NaN            NaN            NaN            NaN
  1833.33        2500.00        99.2132       0.778418       0.835264E-002            NaN            NaN            NaN            NaN            NaN            NaN
  1830.13        2500.00        99.2132       0.778489       0.835269E-002            NaN            NaN            NaN            NaN            NaN            NaN
  1826.92        2500.00        99.2131       0.778560       0.835274E-002            NaN            NaN            NaN            NaN            NaN            NaN
  1823.72        2500.00        99.2130       0.778631       0.835280E-002            NaN            NaN            NaN            NaN            NaN            NaN
  1820.51        2500.00        99.2129       0.778703       0.835286E-002            NaN            NaN            NaN            NaN            NaN            NaN
  1817.31        2500.00        99.2129       0.778774       0.835291E-002            NaN            NaN            NaN            NaN            NaN            NaN
  1814.10        2500.00        99.2128       0.778845       0.835297E-002            NaN            NaN            NaN            NaN            NaN            NaN
  1810.90        2500.00        99.2127       0.778916       0.835303E-002            NaN            NaN            NaN            NaN            NaN            NaN
  1807.69        2500.00        99.2127       0.778987       0.835309E-002            NaN            NaN            NaN            NaN            NaN            NaN
  1804.49        2500.00        99.2126       0.779058       0.835315E-002            NaN            NaN            NaN            NaN            NaN            NaN
  1801.28        2500.00        99.2125       0.779129       0.835322E-002            NaN            NaN            NaN            NaN            NaN            NaN
  1798.08        2500.00        99.2124       0.779201       0.835328E-002            NaN            NaN            NaN            NaN            NaN            NaN
  1794.87        2500.00        99.2124       0.779272       0.835335E-002            NaN            NaN            NaN            NaN            NaN            NaN
  1791.67        2500.00        99.2123       0.779343       0.835341E-002            NaN            NaN            NaN            NaN            NaN            NaN
  1788.46        2500.00        99.2122       0.779414       0.835348E-002            NaN            NaN            NaN            NaN            NaN            NaN
  1785.26        2500.00        99.2122       0.779486       0.835355E-002            NaN            NaN            NaN            NaN            NaN            NaN
  1782.05        2500.00        99.2121       0.779557       0.835362E-002            NaN            NaN            NaN            NaN            NaN            NaN
  1778.85        2500.00        99.2120       0.779628       0.835369E-002            NaN            NaN            NaN            NaN            NaN            NaN
  1775.64        2500.00        99.2119       0.779700       0.835377E-002            NaN            NaN            NaN            NaN            NaN            NaN
  1772.44        2500.00        99.2119       0.779771       0.835384E-002            NaN            NaN            NaN            NaN            NaN            NaN
  1769.23        2500.00        99.0691       0.779857                 NaN  0.151009                 NaN            NaN            NaN            NaN            NaN
  1766.03        2500.00        99.0650       0.779930                 NaN  0.155031                 NaN            NaN            NaN            NaN            NaN
  1762.82        2500.00        99.0609       0.780002                 NaN  0.159054                 NaN            NaN            NaN            NaN            NaN
  1759.62        2500.00        99.0568       0.780075                 NaN  0.163077                 NaN            NaN            NaN            NaN            NaN
  1756.41        2500.00        99.0528       0.780148                 NaN  0.167101                 NaN            NaN            NaN            NaN            NaN
  1753.21        2500.00        99.0487       0.780220                 NaN  0.171125                 NaN            NaN            NaN            NaN            NaN
  1750.00        2500.00        99.0446       0.780293                 NaN  0.175150                 NaN            NaN            NaN            NaN            NaN
  1746.79        2500.00        99.0405       0.780366                 NaN  0.179176                 NaN            NaN            NaN            NaN            NaN
  1743.59        2500.00        99.0364       0.780438                 NaN  0.183203                 NaN            NaN            NaN            NaN            NaN
  1740.38        2500.00        99.0296       0.780512                 NaN  0.189882                 NaN            NaN            NaN            NaN            NaN
  1737.18        2500.00        99.0229       0.780585                 NaN  0.196563                 NaN            NaN            NaN            NaN            NaN
  1733.97        2500.00        99.0161       0.780659                 NaN  0.203245                 NaN            NaN            NaN            NaN            NaN
  1730.77        2500.00        99.0093       0.780732                 NaN  0.209928                 NaN            NaN            NaN            NaN            NaN
  1727.56        2500.00        99.0026       0.780806                 NaN  0.216612                 NaN            NaN            NaN            NaN            NaN
  1724.36        2500.00        98.9958       0.780879                 NaN  0.223297                 NaN            NaN            NaN            NaN            NaN
  1721.15        2500.00        98.9891       0.780953                 NaN  0.229983                 NaN            NaN            NaN            NaN            NaN
  1717.95        2500.00        98.9823       0.781027                 NaN  0.236670                 NaN            NaN            NaN            NaN            NaN
  1714.74        2500.00        98.9733       0.781101                 NaN  0.245570                 NaN            NaN            NaN            NaN            NaN
  1711.54        2500.00        98.9644       0.781175                 NaN  0.254473                 NaN            NaN            NaN            NaN            NaN
  1708.33        2500.00        98.9501       0.781255                 NaN  0.265390       0.328344E-002            NaN            NaN            NaN            NaN
  1705.13        2500.00        98.9248       0.781348                 NaN  0.277998       0.158193E-001            NaN            NaN            NaN            NaN
  1701.92        2500.00        98.8982       0.781441                 NaN  0.292227       0.280956E-001            NaN            NaN            NaN            NaN
  1698.72        2500.00        98.8716       0.781534                 NaN  0.306458       0.403750E-001            NaN            NaN            NaN            NaN
  1695.51        2500.00        98.8450       0.781627                 NaN  0.320693       0.526575E-001            NaN            NaN            NaN            NaN
  1692.31        2500.00        98.8184       0.781720                 NaN  0.334931       0.649429E-001            NaN            NaN            NaN            NaN
  1689.10        2500.00        98.7752       0.781818                 NaN  0.366376       0.766299E-001            NaN            NaN            NaN            NaN
  1685.90        2500.00        98.7319       0.781916                 NaN  0.397828       0.883199E-001            NaN            NaN            NaN            NaN
  1682.69        2500.00        98.6887       0.782013                 NaN  0.429286       0.100013                 NaN            NaN            NaN            NaN
  1679.49        2500.00        98.6454       0.782111                 NaN  0.460752       0.111709                 NaN            NaN            NaN            NaN
  1676.28        2500.00        98.6022       0.782209                 NaN  0.492224       0.123408                 NaN            NaN            NaN            NaN
  1673.08        2500.00        98.5589       0.782306                 NaN  0.523704       0.135110                 NaN            NaN            NaN            NaN
  1669.87        2500.00        98.5156       0.782403                 NaN  0.555190       0.146815                 NaN            NaN            NaN            NaN
  1666.67        2500.00        98.4723       0.782501                 NaN  0.586683       0.158523                 NaN            NaN            NaN            NaN
  1663.46        2500.00        98.3202       0.782634                 NaN  0.727657       0.169478                 NaN            NaN            NaN            NaN
  1660.26        2500.00        98.1681       0.782767                 NaN  0.868674       0.180436                 NaN            NaN            NaN            NaN
  1657.05        2500.00        98.0160       0.782899                 NaN   1.00973       0.191398                 NaN            NaN            NaN            NaN
  1653.85        2500.00        97.8638       0.783031                 NaN   1.15084       0.202364                 NaN            NaN            NaN            NaN
  1650.64        2500.00        97.7115       0.783163                 NaN   1.29198       0.213334                 NaN            NaN            NaN            NaN
  1647.44        2500.00        97.5592       0.783294                 NaN   1.43317       0.224307                 NaN            NaN            NaN            NaN
  1644.23        2500.00        97.4069       0.783425                 NaN   1.57440       0.235283                 NaN            NaN            NaN            NaN
  1641.03        2500.00        97.2545       0.783555                 NaN   1.71567       0.246264                 NaN            NaN            NaN            NaN
  1637.82        2500.00        96.8229       0.783778                 NaN   2.13660       0.256746                 NaN            NaN            NaN            NaN
  1634.62        2500.00        96.3910       0.783999                 NaN   2.55774       0.267234                 NaN            NaN            NaN            NaN
  1631.41        2500.00        95.9590       0.784219                 NaN   2.97910       0.277727                 NaN            NaN            NaN            NaN
  1628.21        2500.00        95.5267       0.784438                 NaN   3.40068       0.288226                 NaN            NaN            NaN            NaN
  1625.00        2500.00        94.9608       0.784699                 NaN   3.95593       0.298536                 NaN            NaN            NaN            NaN
  1621.79        2500.00        94.3947       0.784958                 NaN   4.51151       0.308852                 NaN            NaN            NaN            NaN
  1618.59        2500.00        93.0960       0.786011                 NaN   4.85985       0.309483       0.948639                 NaN            NaN            NaN
  1615.38        2500.00        91.2773       0.787656                 NaN   5.01710       0.302221        2.61574                 NaN            NaN            NaN
  1612.18        2500.00        89.7026       0.789099                 NaN   5.15399       0.293953        4.06036                 NaN            NaN            NaN
  1608.97        2500.00        88.1222       0.790545                 NaN   5.29136       0.285653        5.51023                 NaN            NaN            NaN
  1605.77        2500.00        86.5361       0.791994                 NaN   5.42921       0.277322        6.96535                 NaN            NaN            NaN
  1602.56        2500.00        84.9443       0.793446                 NaN   5.56755       0.268959        8.42575                 NaN            NaN            NaN
  1599.36        2500.00        83.3467       0.794901                 NaN   5.70638       0.260565        9.89145                 NaN            NaN            NaN
  1596.15        2500.00        81.7434       0.796359                 NaN   5.84569       0.252140        11.3624                 NaN            NaN            NaN
  1592.95        2500.00        80.1342       0.797820                 NaN   5.98550       0.243682        12.8388                 NaN            NaN            NaN
  1589.74        2500.00        78.5193       0.799284                 NaN   6.12580       0.235193        14.3204                 NaN            NaN            NaN
  1586.54        2500.00        77.2323       0.800483                 NaN   6.23392       0.224706        15.5086                 NaN            NaN            NaN
  1583.33        2500.00        75.9415       0.801685                 NaN   6.34236       0.214187        16.7003                 NaN            NaN            NaN
  1580.13        2500.00        74.6469       0.802888                 NaN   6.45110       0.203636        17.8955                 NaN            NaN            NaN
  1576.92        2500.00        73.3485       0.804094                 NaN   6.56016       0.193052        19.0942                 NaN            NaN            NaN
  1573.72        2500.00        72.0463       0.805301                 NaN   6.66952       0.182437        20.2964                 NaN            NaN            NaN
  1570.51        2500.00        70.7404       0.806509                 NaN   6.77919       0.171788        21.5021                 NaN            NaN            NaN
  1567.31        2500.00        69.4306       0.807720                 NaN   6.88918       0.161108        22.7114                 NaN            NaN            NaN
  1564.10        2500.00        68.1170       0.808932                 NaN   6.99948       0.150395        23.9242                 NaN            NaN            NaN
  1560.90        2500.00        67.0067       0.809987                 NaN   7.08579       0.136758        24.9607                 NaN            NaN            NaN
  1557.69        2500.00        65.8937       0.811043                 NaN   7.17232       0.123086        25.9998                 NaN            NaN            NaN
  1554.49        2500.00        64.7779       0.812101                 NaN   7.25906       0.109377        27.0416                 NaN            NaN            NaN
  1551.28        2500.00        63.6593       0.813160                 NaN   7.34601       0.956320E-001   28.0859                 NaN            NaN            NaN
  1548.08        2500.00        62.5379       0.814221                 NaN   7.43318       0.818509E-001   29.1329                 NaN            NaN            NaN
  1544.87        2500.00        61.4136       0.815282                 NaN   7.52055       0.680336E-001   30.1825                 NaN            NaN            NaN
  1541.67        2500.00        60.2866       0.816345                 NaN   7.60814       0.541800E-001   31.2347                 NaN            NaN            NaN
  1538.46        2500.00        59.1567       0.817409                 NaN   7.69594       0.402900E-001   32.2896                 NaN            NaN            NaN
  1535.26        2500.00        58.1085       0.818412                 NaN   7.77501       0.239166E-001   33.2742                 NaN            NaN            NaN
  1532.05        2500.00        57.0578       0.819416                 NaN   7.85426       0.750263E-002   34.2610                 NaN            NaN            NaN
  1528.85        2500.00        56.0549       0.820379                 NaN   7.93258                 NaN   35.1922                 NaN            NaN            NaN
  1525.64        2500.00        55.0894       0.821302                 NaN   8.01530                 NaN   36.0740                 NaN            NaN            NaN
  1522.44        2500.00        54.1343       0.822224                 NaN   8.08821                 NaN   36.9553                 NaN            NaN            NaN
  1519.23        2500.00        53.1771       0.823147                 NaN   8.16127                 NaN   37.8385                 NaN            NaN            NaN
  1516.03        2500.00        52.2179       0.824072                 NaN   8.23448                 NaN   38.7236                 NaN            NaN            NaN
  1512.82        2500.00        51.2567       0.824997                 NaN   8.30785                 NaN   39.6105                 NaN            NaN            NaN
  1509.62        2500.00        50.3160       0.825914                 NaN   8.37237                 NaN   40.4857                 NaN            NaN            NaN
  1506.41        2500.00        49.3735       0.826832                 NaN   8.43703                 NaN   41.3627                 NaN            NaN            NaN
  1503.21        2500.00        48.4289       0.827751                 NaN   8.50182                 NaN   42.2415                 NaN            NaN            NaN
  1500.00        2500.00        47.4824       0.828671                 NaN   8.56674                 NaN   43.1221                 NaN            NaN            NaN
  1496.79        2500.00        46.4577       0.829685                 NaN   8.63705                 NaN   43.9572       0.118340                 NaN            NaN
  1493.59        2500.00        44.6905       0.831533                 NaN   8.76814                 NaN   44.2735        1.43632                 NaN            NaN
  1490.38        2500.00        42.9998       0.833316                 NaN   8.88318                 NaN   44.5708        2.71284                 NaN            NaN
  1487.18        2500.00        41.3021       0.835104                 NaN   8.99868                 NaN   44.8694        3.99479                 NaN            NaN
  1483.97        2500.00        39.6710       0.836837                 NaN   9.10052                 NaN   45.1492        5.24246                 NaN            NaN
  1480.77        2500.00        37.8365       0.838761                 NaN   9.16939                 NaN   44.4173        1.43785        6.30014                 NaN
  1477.56        2500.00        37.8347       0.838797                 NaN   9.16966                 NaN   44.4187        1.43789        6.30032                 NaN
  1474.36        2500.00        34.3458       0.842453                 NaN   9.28323                 NaN   43.1602        8.35716        4.01120                 NaN
  1471.15        2500.00        34.3440       0.842487                 NaN   9.28347                 NaN   43.1613        8.35738        4.01131                 NaN
  1467.95        2500.00        34.3423       0.842520                 NaN   9.28372                 NaN   43.1625        8.35760        4.01143                 NaN
  1464.74        2500.00        34.3405       0.842553                 NaN   9.28396                 NaN   43.1636        8.35781        4.01155                 NaN
  1461.54        2500.00        28.0282       0.849273                 NaN   9.42124                 NaN   41.5817        7.85708        12.2625                 NaN
  1458.33        2500.00        28.0267       0.849302                 NaN   9.42143                 NaN   41.5825        7.85726        12.2628                 NaN
  1455.13        2500.00        28.0251       0.849330                 NaN   9.42162                 NaN   41.5834        7.85745        12.2630                 NaN
  1451.92        2500.00        28.0236       0.849358                 NaN   9.42182                 NaN   41.5843        7.85763        12.2633                 NaN
  1448.72        2500.00        28.0221       0.849386                 NaN   9.42201                 NaN   41.5851        7.85782        12.2635                 NaN
  1445.51        2500.00        28.0206       0.849414                 NaN   9.42220                 NaN   41.5860        7.85801        12.2638                 NaN
  1442.31        2500.00        28.0191       0.849442                 NaN   9.42239                 NaN   41.5869        7.85819        12.2640                 NaN
  1439.10        2500.00        28.0175       0.849470                 NaN   9.42259                 NaN   41.5877        7.85838        12.2643                 NaN
  1435.90        2500.00        17.9268       0.860692                 NaN   9.39263                 NaN   41.0116        18.9134        11.8948                 NaN
  1432.69        2500.00        16.9050       0.861898                 NaN   9.35899       0.102516E-001   41.0103        12.2410        19.6126                 NaN
  1429.49        2500.00        15.5546       0.863058                 NaN   9.45722       0.345543E-001   40.6457        20.1409        12.9788       0.325210     
  1426.28        2500.00        15.5537       0.863077                 NaN   9.45730       0.345555E-001   40.6460        20.1411        12.9789       0.325232     
  1423.08        2500.00        12.8500       0.864988                 NaN   9.79413       0.795469E-001   39.6441        14.6563        20.8194        1.29148     
  1419.87        2500.00        12.8493       0.865004                 NaN   9.79419       0.795495E-001   39.6443        14.6565        20.8195        1.29157     
  1416.67        2500.00        12.8486       0.865019                 NaN   9.79425       0.795522E-001   39.6446        14.6566        20.8197        1.29165     
  1413.46        2500.00        12.8479       0.865035                 NaN   9.79431       0.795548E-001   39.6448        14.6568        20.8198        1.29174     
  1410.26        2500.00        8.83638       0.867869                 NaN   10.2922       0.150837        38.1067        21.7028        17.1909        2.85233     
  1407.05        2500.00        8.83592       0.867881                 NaN   10.2922       0.150842        38.1068        21.7029        17.1910        2.85250     
  1403.85        2500.00        8.83547       0.867893                 NaN   10.2922       0.150846        38.1069        21.7029        17.1911        2.85268     
  1400.64        2500.00        8.83502       0.867904                 NaN   10.2922       0.150850        38.1070        21.7030        17.1912        2.85286     
  1397.44        2500.00        8.83456       0.867916                 NaN   10.2923       0.150855        38.1071        21.7030        17.1913        2.85303     
  1394.23        2500.00        8.83410       0.867928                 NaN   10.2923       0.150859        38.1072        21.7031        17.1914        2.85321     
  1391.03        2500.00        8.83365       0.867940                 NaN   10.2923       0.150864        38.1073        21.7031        17.1915        2.85339     
  1387.82        2500.00        8.83319       0.867952                 NaN   10.2923       0.150868        38.1074        21.7032        17.1916        2.85356     
  1384.62        2500.00        3.75120       0.871632                 NaN   10.8624       0.252667        36.1863        20.4206        22.4942        5.16093     
  1381.41        2500.00        3.75104       0.871639                 NaN   10.8624       0.252673        36.1862        20.4207        22.4942        5.16122     
  1378.21        2500.00        3.75088       0.871647                 NaN   10.8623       0.252679        36.1861        20.4207        22.4941        5.16152     
  1375.00        2500.00        3.75071       0.871654                 NaN   10.8623       0.252685        36.1860        20.4207        22.4941        5.16181     
  1371.79        2500.00        3.75054       0.871662                 NaN   10.8623       0.252691        36.1860        20.4207        22.4940        5.16211     
  1368.59        2500.00        3.75038       0.871669                 NaN   10.8622       0.252698        36.1859        20.4208        22.4940        5.16240     
  1365.38        2500.00        3.75021       0.871677                 NaN   10.8622       0.252704        36.1858        20.4208        22.4939        5.16269     
  1362.18        2500.00        3.75005       0.871684                 NaN   10.8622       0.252710        36.1857        20.4208        22.4939        5.16299     
  1358.97        2500.00       0.396365       0.874306                 NaN   11.1405       0.325381        35.1269        22.4324        22.7419        6.96228     
  1355.77        2500.00       0.399013E-001  0.874609                 NaN   11.1609       0.333396        35.0348        22.7553        22.6360        7.16506     
  1352.56        2500.00                 NaN  0.874597                 NaN   11.1831       0.336801        35.0894        22.7481        22.5413        7.22674     
  1349.36        2500.00                 NaN  0.874601                 NaN   11.1831       0.336808        35.0892        22.7480        22.5412        7.22713     
  1346.15        2500.00                 NaN  0.874476                 NaN   11.2358       0.342758        35.2158        22.3165        22.6888        7.32588     
  1342.95        2500.00                 NaN  0.874480                 NaN   11.2358       0.342765        35.2156        22.3164        22.6887        7.32627     
  1339.74        2500.00                 NaN  0.874485                 NaN   11.2357       0.342773        35.2154        22.3164        22.6886        7.32666     
  1336.54        2500.00                 NaN  0.874489                 NaN   11.2356       0.342780        35.2152        22.3164        22.6884        7.32706     
  1333.33        2500.00                 NaN  0.874252                 NaN   11.3329       0.355006        35.4723        22.5973        21.8571        7.51116     
  1330.13        2500.00                 NaN  0.874256                 NaN   11.3328       0.355013        35.4721        22.5972        21.8571        7.51156     
  1326.92        2500.00                 NaN  0.874260                 NaN   11.3327       0.355021        35.4719        22.5971        21.8570        7.51197     
  1323.72        2500.00                 NaN  0.874265                 NaN   11.3326       0.355028        35.4717        22.5970        21.8570        7.51237     
  1320.51        2500.00                 NaN  0.874269                 NaN   11.3326       0.355035        35.4715        22.5969        21.8570        7.51277     
  1317.31        2500.00                 NaN  0.874273                 NaN   11.3325       0.355043        35.4714        22.5967        21.8569        7.51317     
  1314.10        2500.00                 NaN  0.874277                 NaN   11.3324       0.355050        35.4712        22.5966        21.8569        7.51357     
  1310.90        2500.00                 NaN  0.874281                 NaN   11.3323       0.355057        35.4710        22.5965        21.8569        7.51397     
  1307.69        2500.00                 NaN  0.873836                 NaN   11.5126       0.382330        35.9336        21.0163        22.4220        7.85937     
  1304.49        2500.00                 NaN  0.873840                 NaN   11.5125       0.382338        35.9334        21.0163        22.4219        7.85979     
  1301.28        2500.00                 NaN  0.873844                 NaN   11.5124       0.382346        35.9332        21.0162        22.4217        7.86021     
  1298.08        2500.00                 NaN  0.873848                 NaN   11.5123       0.382353        35.9330        21.0162        22.4216        7.86063     
  1294.87        2500.00                 NaN  0.873852                 NaN   11.5123       0.382361        35.9328        21.0161        22.4215        7.86105     
  1291.67        2500.00                 NaN  0.873856                 NaN   11.5122       0.382369        35.9327        21.0161        22.4213        7.86146     
  1288.46        2500.00                 NaN  0.873859                 NaN   11.5121       0.382377        35.9325        21.0161        22.4212        7.86188     
  1285.26        2500.00                 NaN  0.873863                 NaN   11.5120       0.382384        35.9323        21.0160        22.4211        7.86230     
  1282.05        2500.00                 NaN  0.873452                 NaN   11.6795       0.412066        36.3445        22.2426        20.2613        8.18663     
  1278.85        2500.00                 NaN  0.873455                 NaN   11.6794       0.412074        36.3443        22.2425        20.2612        8.18706     
  1275.64        2500.00                 NaN  0.873459                 NaN   11.6793       0.412082        36.3441        22.2423        20.2612        8.18749     
  1272.44        2500.00                 NaN  0.873462                 NaN   11.6793       0.412091        36.3439        22.2422        20.2612        8.18793     
  1269.23        2500.00                 NaN  0.873466                 NaN   11.6792       0.412099        36.3437        22.2421        20.2611        8.18836     
  1266.03        2500.00                 NaN  0.873469                 NaN   11.6791       0.412107        36.3435        22.2419        20.2611        8.18879     
  1262.82        2500.00                 NaN  0.873472                 NaN   11.6790       0.412115        36.3433        22.2418        20.2611        8.18922     
  1259.62        2500.00                 NaN  0.873476                 NaN   11.6789       0.412123        36.3431        22.2416        20.2610        8.18965     
  1256.41        2500.00                 NaN  0.873097                 NaN   11.8322       0.443647        36.7310        19.5518        22.0760        8.49227     
  1253.21        2500.00                 NaN  0.873100                 NaN   11.8321       0.443656        36.7308        19.5518        22.0759        8.49271     
  1250.00        2500.00                 NaN  0.873103                 NaN   11.8320       0.443664        36.7306        19.5517        22.0757        8.49316     
  1246.79        2500.00                 NaN  0.873106                 NaN   11.8319       0.443673        36.7304        19.5517        22.0756        8.49361     
  1243.59        2500.00                 NaN  0.873109                 NaN   11.8318       0.443681        36.7302        19.5517        22.0754        8.49405     
  1240.38        2500.00                 NaN  0.873112                 NaN   11.8317       0.443690        36.7300        19.5517        22.0753        8.49450     
  1237.18        2500.00                 NaN  0.873115                 NaN   11.8317       0.443699        36.7298        19.5516        22.0751        8.49494     
  1233.97        2500.00                 NaN  0.873118                 NaN   11.8316       0.443707        36.7296        19.5516        22.0750        8.49539     
