|6.6.6
Archiving\03_Data\Deq/QFM_m3.5/K22/K22_1.tab                          
           1
T(K)    
  0.000000000000000E+000
  0.000000000000000E+000
           0
          11
T(K)           P(bar)         melt(TH)       Ni             O(HP)          Sp(TH)         Opx(TH)        Cpx(TH)        Cpx(TH)        an             San(TH)       
  2000.00        2500.00        99.9607       0.392793E-001            NaN            NaN            NaN            NaN            NaN            NaN            NaN
  1996.79        2500.00        99.9607       0.392793E-001            NaN            NaN            NaN            NaN            NaN            NaN            NaN
  1993.59        2500.00        99.9607       0.392793E-001            NaN            NaN            NaN            NaN            NaN            NaN            NaN
  1990.38        2500.00        99.9607       0.392792E-001            NaN            NaN            NaN            NaN            NaN            NaN            NaN
  1987.18        2500.00        99.9607       0.392792E-001            NaN            NaN            NaN            NaN            NaN            NaN            NaN
  1983.97        2500.00        99.9607       0.392792E-001            NaN            NaN            NaN            NaN            NaN            NaN            NaN
  1980.77        2500.00        99.9607       0.392791E-001            NaN            NaN            NaN            NaN            NaN            NaN            NaN
  1977.56        2500.00        99.9607       0.392791E-001            NaN            NaN            NaN            NaN            NaN            NaN            NaN
  1974.36        2500.00        99.9607       0.392791E-001            NaN            NaN            NaN            NaN            NaN            NaN            NaN
  1971.15        2500.00        99.9607       0.392790E-001            NaN            NaN            NaN            NaN            NaN            NaN            NaN
  1967.95        2500.00        99.9607       0.392790E-001            NaN            NaN            NaN            NaN            NaN            NaN            NaN
  1964.74        2500.00        99.9607       0.392790E-001            NaN            NaN            NaN            NaN            NaN            NaN            NaN
  1961.54        2500.00        99.9607       0.392789E-001            NaN            NaN            NaN            NaN            NaN            NaN            NaN
  1958.33        2500.00        99.6232       0.380158E-001  0.338793                 NaN            NaN            NaN            NaN            NaN            NaN
  1955.13        2500.00        98.7217       0.346038E-001   1.24367                 NaN            NaN            NaN            NaN            NaN            NaN
  1951.92        2500.00        97.8409       0.311974E-001   2.12788                 NaN            NaN            NaN            NaN            NaN            NaN
  1948.72        2500.00        96.9601       0.277910E-001   3.01208                 NaN            NaN            NaN            NaN            NaN            NaN
  1945.51        2500.00        96.1466       0.244232E-001   3.82900                 NaN            NaN            NaN            NaN            NaN            NaN
  1942.31        2500.00        95.3330       0.210553E-001   4.64592                 NaN            NaN            NaN            NaN            NaN            NaN
  1939.10        2500.00        94.5195       0.176875E-001   5.46282                 NaN            NaN            NaN            NaN            NaN            NaN
  1935.90        2500.00        93.7060       0.143198E-001   6.27971                 NaN            NaN            NaN            NaN            NaN            NaN
  1932.69        2500.00        92.8925       0.109521E-001   7.09659                 NaN            NaN            NaN            NaN            NaN            NaN
  1929.49        2500.00        92.0790       0.758446E-002   7.91346                 NaN            NaN            NaN            NaN            NaN            NaN
  1926.28        2500.00        91.2655       0.421685E-002   8.73032                 NaN            NaN            NaN            NaN            NaN            NaN
  1923.08        2500.00        90.4520       0.849287E-003   9.54717                 NaN            NaN            NaN            NaN            NaN            NaN
  1919.87        2500.00        89.7466                 NaN   10.2534                 NaN            NaN            NaN            NaN            NaN            NaN
  1916.67        2500.00        89.0534                 NaN   10.9466                 NaN            NaN            NaN            NaN            NaN            NaN
  1913.46        2500.00        88.3694                 NaN   11.6306                 NaN            NaN            NaN            NaN            NaN            NaN
  1910.26        2500.00        87.6802                 NaN   12.3112       0.867166E-002            NaN            NaN            NaN            NaN            NaN
  1907.05        2500.00        86.9883                 NaN   12.9851       0.266260E-001            NaN            NaN            NaN            NaN            NaN
  1903.85        2500.00        86.2964                 NaN   13.6590       0.445804E-001            NaN            NaN            NaN            NaN            NaN
  1900.64        2500.00        85.6046                 NaN   14.3329       0.625349E-001            NaN            NaN            NaN            NaN            NaN
  1897.44        2500.00        84.9127                 NaN   15.0068       0.804894E-001            NaN            NaN            NaN            NaN            NaN
  1894.23        2500.00        84.2602                 NaN   15.6425       0.972945E-001            NaN            NaN            NaN            NaN            NaN
  1891.03        2500.00        83.6077                 NaN   16.2782       0.114100                 NaN            NaN            NaN            NaN            NaN
  1887.82        2500.00        82.9552                 NaN   16.9139       0.130905                 NaN            NaN            NaN            NaN            NaN
  1884.62        2500.00        82.3027                 NaN   17.5496       0.147710                 NaN            NaN            NaN            NaN            NaN
  1881.41        2500.00        81.6502                 NaN   18.1853       0.164516                 NaN            NaN            NaN            NaN            NaN
  1878.21        2500.00        80.9976                 NaN   18.8210       0.181321                 NaN            NaN            NaN            NaN            NaN
  1875.00        2500.00        80.3451                 NaN   19.4568       0.198127                 NaN            NaN            NaN            NaN            NaN
  1871.79        2500.00        79.6926                 NaN   20.0925       0.214932                 NaN            NaN            NaN            NaN            NaN
  1868.59        2500.00        79.0845                 NaN   20.6850       0.230422                 NaN            NaN            NaN            NaN            NaN
  1865.38        2500.00        78.4765                 NaN   21.2776       0.245912                 NaN            NaN            NaN            NaN            NaN
  1862.18        2500.00        77.8685                 NaN   21.8701       0.261401                 NaN            NaN            NaN            NaN            NaN
  1858.97        2500.00        77.2604                 NaN   22.4627       0.276891                 NaN            NaN            NaN            NaN            NaN
  1855.77        2500.00        76.6524                 NaN   23.0553       0.292381                 NaN            NaN            NaN            NaN            NaN
  1852.56        2500.00        76.0443                 NaN   23.6478       0.307871                 NaN            NaN            NaN            NaN            NaN
  1849.36        2500.00        75.4362                 NaN   24.2404       0.323361                 NaN            NaN            NaN            NaN            NaN
  1846.15        2500.00        74.8282                 NaN   24.8330       0.338852                 NaN            NaN            NaN            NaN            NaN
  1842.95        2500.00        74.2561                 NaN   25.3908       0.353149                 NaN            NaN            NaN            NaN            NaN
  1839.74        2500.00        73.6840                 NaN   25.9485       0.367446                 NaN            NaN            NaN            NaN            NaN
  1836.54        2500.00        73.1119                 NaN   26.5063       0.381743                 NaN            NaN            NaN            NaN            NaN
  1833.33        2500.00        72.5399                 NaN   27.0641       0.396040                 NaN            NaN            NaN            NaN            NaN
  1830.13        2500.00        71.9678                 NaN   27.6219       0.410337                 NaN            NaN            NaN            NaN            NaN
  1826.92        2500.00        71.3957                 NaN   28.1797       0.424634                 NaN            NaN            NaN            NaN            NaN
  1823.72        2500.00        70.8236                 NaN   28.7375       0.438932                 NaN            NaN            NaN            NaN            NaN
  1820.51        2500.00        70.2515                 NaN   29.2953       0.453229                 NaN            NaN            NaN            NaN            NaN
  1817.31        2500.00        69.7102                 NaN   29.8233       0.466468                 NaN            NaN            NaN            NaN            NaN
  1814.10        2500.00        69.1689                 NaN   30.3514       0.479708                 NaN            NaN            NaN            NaN            NaN
  1810.90        2500.00        68.6276                 NaN   30.8794       0.492947                 NaN            NaN            NaN            NaN            NaN
  1807.69        2500.00        68.0863                 NaN   31.4075       0.506187                 NaN            NaN            NaN            NaN            NaN
  1804.49        2500.00        67.5450                 NaN   31.9355       0.519426                 NaN            NaN            NaN            NaN            NaN
  1801.28        2500.00        67.0037                 NaN   32.4636       0.532666                 NaN            NaN            NaN            NaN            NaN
  1798.08        2500.00        66.4624                 NaN   32.9917       0.545905                 NaN            NaN            NaN            NaN            NaN
  1794.87        2500.00        65.9211                 NaN   33.5198       0.559145                 NaN            NaN            NaN            NaN            NaN
  1791.67        2500.00        65.4059                 NaN   34.0227       0.571410                 NaN            NaN            NaN            NaN            NaN
  1788.46        2500.00        64.8907                 NaN   34.5257       0.583674                 NaN            NaN            NaN            NaN            NaN
  1785.26        2500.00        64.3754                 NaN   35.0286       0.595939                 NaN            NaN            NaN            NaN            NaN
  1782.05        2500.00        63.8602                 NaN   35.5316       0.608203                 NaN            NaN            NaN            NaN            NaN
  1778.85        2500.00        63.3450                 NaN   36.0345       0.620468                 NaN            NaN            NaN            NaN            NaN
  1775.64        2500.00        62.8298                 NaN   36.5375       0.632733                 NaN            NaN            NaN            NaN            NaN
  1772.44        2500.00        62.3145                 NaN   37.0405       0.644998                 NaN            NaN            NaN            NaN            NaN
  1769.23        2500.00        61.7993                 NaN   37.5435       0.657263                 NaN            NaN            NaN            NaN            NaN
  1766.03        2500.00        61.3077                 NaN   38.0236       0.668760                 NaN            NaN            NaN            NaN            NaN
  1762.82        2500.00        60.8161                 NaN   38.5037       0.680258                 NaN            NaN            NaN            NaN            NaN
  1759.62        2500.00        60.3245                 NaN   38.9838       0.691755                 NaN            NaN            NaN            NaN            NaN
  1756.41        2500.00        59.8328                 NaN   39.4639       0.703253                 NaN            NaN            NaN            NaN            NaN
  1753.21        2500.00        59.3412                 NaN   39.9440       0.714751                 NaN            NaN            NaN            NaN            NaN
  1750.00        2500.00        58.8496                 NaN   40.4241       0.726249                 NaN            NaN            NaN            NaN            NaN
  1746.79        2500.00        58.3580                 NaN   40.9043       0.737747                 NaN            NaN            NaN            NaN            NaN
  1743.59        2500.00        57.8664                 NaN   41.3844       0.749245                 NaN            NaN            NaN            NaN            NaN
  1740.38        2500.00        57.3986                 NaN   41.8414       0.759979                 NaN            NaN            NaN            NaN            NaN
  1737.18        2500.00        56.9309                 NaN   42.2984       0.770714                 NaN            NaN            NaN            NaN            NaN
  1733.97        2500.00        56.4631                 NaN   42.7554       0.781448                 NaN            NaN            NaN            NaN            NaN
  1730.77        2500.00        55.9954                 NaN   43.2124       0.792183                 NaN            NaN            NaN            NaN            NaN
  1727.56        2500.00        55.5276                 NaN   43.6694       0.802918                 NaN            NaN            NaN            NaN            NaN
  1724.36        2500.00        55.0599                 NaN   44.1265       0.813652                 NaN            NaN            NaN            NaN            NaN
  1721.15        2500.00        54.5921                 NaN   44.5835       0.824387                 NaN            NaN            NaN            NaN            NaN
  1717.95        2500.00        54.1244                 NaN   45.0405       0.835122                 NaN            NaN            NaN            NaN            NaN
  1714.74        2500.00        53.6816                 NaN   45.4732       0.845240                 NaN            NaN            NaN            NaN            NaN
  1711.54        2500.00        53.2388                 NaN   45.9058       0.855357                 NaN            NaN            NaN            NaN            NaN
  1708.33        2500.00        52.7960                 NaN   46.3385       0.865475                 NaN            NaN            NaN            NaN            NaN
  1705.13        2500.00        52.3532                 NaN   46.7712       0.875592                 NaN            NaN            NaN            NaN            NaN
  1701.92        2500.00        51.9104                 NaN   47.2039       0.885710                 NaN            NaN            NaN            NaN            NaN
  1698.72        2500.00        51.4676                 NaN   47.6366       0.895828                 NaN            NaN            NaN            NaN            NaN
  1695.51        2500.00        51.0248                 NaN   48.0692       0.905946                 NaN            NaN            NaN            NaN            NaN
  1692.31        2500.00        50.5820                 NaN   48.5019       0.916064                 NaN            NaN            NaN            NaN            NaN
  1689.10        2500.00        50.1665                 NaN   48.9081       0.925473                 NaN            NaN            NaN            NaN            NaN
  1685.90        2500.00        49.7509                 NaN   49.3142       0.934883                 NaN            NaN            NaN            NaN            NaN
  1682.69        2500.00        49.3353                 NaN   49.7204       0.944293                 NaN            NaN            NaN            NaN            NaN
  1679.49        2500.00        48.9198                 NaN   50.1265       0.953702                 NaN            NaN            NaN            NaN            NaN
  1676.28        2500.00        48.5042                 NaN   50.5327       0.963112                 NaN            NaN            NaN            NaN            NaN
  1673.08        2500.00        48.0886                 NaN   50.9388       0.972522                 NaN            NaN            NaN            NaN            NaN
  1669.87        2500.00        47.6731                 NaN   51.3450       0.981932                 NaN            NaN            NaN            NaN            NaN
  1666.67        2500.00        47.2575                 NaN   51.7512       0.991342                 NaN            NaN            NaN            NaN            NaN
  1663.46        2500.00        46.8574                 NaN   52.1412        1.00135                 NaN            NaN            NaN            NaN            NaN
  1660.26        2500.00        46.4584                 NaN   52.5272        1.01070       0.373240E-002            NaN            NaN            NaN            NaN
  1657.05        2500.00        45.1890                 NaN   52.6509        1.00448        1.15563                 NaN            NaN            NaN            NaN
  1653.85        2500.00        43.9196                 NaN   52.7746       0.998267        2.30753                 NaN            NaN            NaN            NaN
  1650.64        2500.00        42.8097                 NaN   52.8790       0.991494        3.31982                 NaN            NaN            NaN            NaN
  1647.44        2500.00        41.6997                 NaN   52.9834       0.984720        4.33212                 NaN            NaN            NaN            NaN
  1644.23        2500.00        40.5898                 NaN   53.0879       0.977947        5.34442                 NaN            NaN            NaN            NaN
  1641.03        2500.00        39.4798                 NaN   53.1923       0.971173        6.35673                 NaN            NaN            NaN            NaN
  1637.82        2500.00        38.6042                 NaN   53.2676       0.963679        7.16457                 NaN            NaN            NaN            NaN
  1634.62        2500.00        37.7285                 NaN   53.3429       0.956185        7.97240                 NaN            NaN            NaN            NaN
  1631.41        2500.00        36.8528                 NaN   53.4182       0.948690        8.78024                 NaN            NaN            NaN            NaN
  1628.21        2500.00        35.9772                 NaN   53.4936       0.941196        9.58808                 NaN            NaN            NaN            NaN
  1625.00        2500.00        35.1015                 NaN   53.5689       0.933702        10.3959                 NaN            NaN            NaN            NaN
  1621.79        2500.00        34.2258                 NaN   53.6442       0.926207        11.2038                 NaN            NaN            NaN            NaN
  1618.59        2500.00        33.3501                 NaN   53.7195       0.918713        12.0116                 NaN            NaN            NaN            NaN
  1615.38        2500.00        32.4745                 NaN   53.7948       0.911218        12.8195                 NaN            NaN            NaN            NaN
  1612.18        2500.00        31.8072                 NaN   53.8443       0.902630        13.4459                 NaN            NaN            NaN            NaN
  1608.97        2500.00        31.1398                 NaN   53.8939       0.894042        14.0723                 NaN            NaN            NaN            NaN
  1605.77        2500.00        30.4725                 NaN   53.9434       0.885454        14.6986                 NaN            NaN            NaN            NaN
  1602.56        2500.00        29.8052                 NaN   53.9929       0.876865        15.3250                 NaN            NaN            NaN            NaN
  1599.36        2500.00        29.1379                 NaN   54.0424       0.868277        15.9514                 NaN            NaN            NaN            NaN
  1596.15        2500.00        28.4706                 NaN   54.0919       0.859688        16.5778                 NaN            NaN            NaN            NaN
  1592.95        2500.00        27.8033                 NaN   54.1414       0.851100        17.2042                 NaN            NaN            NaN            NaN
  1589.74        2500.00        27.1359                 NaN   54.1909       0.842512        17.8306                 NaN            NaN            NaN            NaN
  1586.54        2500.00        26.5974                 NaN   54.2251       0.832562        18.3449                 NaN            NaN            NaN            NaN
  1583.33        2500.00        26.0589                 NaN   54.2592       0.822613        18.8593                 NaN            NaN            NaN            NaN
  1580.13        2500.00        25.5204                 NaN   54.2933       0.812664        19.3736                 NaN            NaN            NaN            NaN
  1576.92        2500.00        24.9819                 NaN   54.3274       0.802715        19.8879                 NaN            NaN            NaN            NaN
  1573.72        2500.00        24.4434                 NaN   54.3616       0.792766        20.4022                 NaN            NaN            NaN            NaN
  1570.51        2500.00        23.9049                 NaN   54.3957       0.782816        20.9166                 NaN            NaN            NaN            NaN
  1567.31        2500.00        23.3664                 NaN   54.4298       0.772867        21.4309                 NaN            NaN            NaN            NaN
  1564.10        2500.00        22.8279                 NaN   54.4639       0.762918        21.9452                 NaN            NaN            NaN            NaN
  1560.90        2500.00        22.3696                 NaN   54.4895       0.751245        22.3897                 NaN            NaN            NaN            NaN
  1557.69        2500.00        21.9113                 NaN   54.5150       0.739573        22.8342                 NaN            NaN            NaN            NaN
  1554.49        2500.00        21.4529                 NaN   54.5406       0.727900        23.2786                 NaN            NaN            NaN            NaN
  1551.28        2500.00        20.9946                 NaN   54.5661       0.716227        23.7231                 NaN            NaN            NaN            NaN
  1548.08        2500.00        20.5362                 NaN   54.5916       0.704555        24.1676                 NaN            NaN            NaN            NaN
  1544.87        2500.00        20.0779                 NaN   54.6172       0.692882        24.6120                 NaN            NaN            NaN            NaN
  1541.67        2500.00        19.6196                 NaN   54.6427       0.681209        25.0565                 NaN            NaN            NaN            NaN
  1538.46        2500.00        19.1612                 NaN   54.6683       0.669537        25.5010                 NaN            NaN            NaN            NaN
  1535.26        2500.00        18.7519                 NaN   54.6906       0.655672        25.9018                 NaN            NaN            NaN            NaN
  1532.05        2500.00        18.3426                 NaN   54.7130       0.641808        26.3026                 NaN            NaN            NaN            NaN
  1528.85        2500.00        17.9333                 NaN   54.7354       0.627944        26.7034                 NaN            NaN            NaN            NaN
  1525.64        2500.00        17.5240                 NaN   54.7577       0.614080        27.1042                 NaN            NaN            NaN            NaN
  1522.44        2500.00        17.1146                 NaN   54.7801       0.600215        27.5051                 NaN            NaN            NaN            NaN
  1519.23        2500.00        16.7053                 NaN   54.8024       0.586351        27.9059                 NaN            NaN            NaN            NaN
  1516.03        2500.00        16.2960                 NaN   54.8248       0.572487        28.3067                 NaN            NaN            NaN            NaN
  1512.82        2500.00        15.8867                 NaN   54.8472       0.558622        28.7075                 NaN            NaN            NaN            NaN
  1509.62        2500.00        15.5078                 NaN   54.8667       0.543988        29.0815                 NaN            NaN            NaN            NaN
  1506.41        2500.00        15.1289                 NaN   54.8863       0.529353        29.4555                 NaN            NaN            NaN            NaN
  1503.21        2500.00        14.4002                 NaN   54.9124       0.533917        29.4620       0.691459                 NaN            NaN            NaN
  1500.00        2500.00        13.8185                 NaN   54.9299       0.534287        29.5698        1.14755                 NaN            NaN            NaN
  1496.79        2500.00        13.2734                 NaN   54.9408       0.536414        29.6670        1.58236                 NaN            NaN            NaN
  1493.59        2500.00        12.7283                 NaN   54.9517       0.538541        29.7643        2.01717                 NaN            NaN            NaN
  1490.38        2500.00        12.2213                 NaN   54.9569       0.542473        29.8500        2.42933                 NaN            NaN            NaN
  1487.18        2500.00        11.7159                 NaN   54.9535       0.549960        29.8679        2.82867       0.840419E-001            NaN            NaN
  1483.97        2500.00        11.7159                 NaN   54.9535       0.549960        29.8679        2.82867       0.840419E-001            NaN            NaN
  1480.77        2500.00        11.7159                 NaN   54.9535       0.549960        29.8679        2.82867       0.840419E-001            NaN            NaN
  1477.56        2500.00        11.7159                 NaN   54.9535       0.549960        29.8679        2.82867       0.840419E-001            NaN            NaN
  1474.36        2500.00        11.7159                 NaN   54.9535       0.549960        29.8679        2.82867       0.840419E-001            NaN            NaN
  1471.15        2500.00        11.7159                 NaN   54.9535       0.549960        29.8679        2.82867       0.840419E-001            NaN            NaN
  1467.95        2500.00        11.7159                 NaN   54.9535       0.549960        29.8679        2.82867       0.840419E-001            NaN            NaN
  1464.74        2500.00        11.7159                 NaN   54.9535       0.549960        29.8679        2.82867       0.840419E-001            NaN            NaN
  1461.54        2500.00        8.15497                 NaN   54.7057       0.707839        28.4653        5.36376        2.60246                 NaN            NaN
  1458.33        2500.00        8.15497                 NaN   54.7057       0.707839        28.4653        5.36376        2.60246                 NaN            NaN
  1455.13        2500.00        8.15497                 NaN   54.7057       0.707839        28.4653        5.36376        2.60246                 NaN            NaN
  1451.92        2500.00        8.15497                 NaN   54.7057       0.707839        28.4653        5.36376        2.60246                 NaN            NaN
  1448.72        2500.00        8.15497                 NaN   54.7057       0.707839        28.4653        5.36376        2.60246                 NaN            NaN
  1445.51        2500.00        8.15497                 NaN   54.7057       0.707839        28.4653        5.36376        2.60246                 NaN            NaN
  1442.31        2500.00        8.15497                 NaN   54.7057       0.707839        28.4653        5.36376        2.60246                 NaN            NaN
  1439.10        2500.00        8.15497                 NaN   54.7057       0.707839        28.4653        5.36376        2.60246                 NaN            NaN
  1435.90        2500.00        5.85033                 NaN   54.4254       0.856129        28.0171        3.73767        7.11337                 NaN            NaN
  1432.69        2500.00        5.85033                 NaN   54.4254       0.856129        28.0171        3.73767        7.11337                 NaN            NaN
  1429.49        2500.00        5.85033                 NaN   54.4254       0.856129        28.0171        3.73767        7.11337                 NaN            NaN
  1426.28        2500.00        5.85033                 NaN   54.4254       0.856129        28.0171        3.73767        7.11337                 NaN            NaN
  1423.08        2500.00        5.85033                 NaN   54.4254       0.856129        28.0171        3.73767        7.11337                 NaN            NaN
  1419.87        2500.00        5.85033                 NaN   54.4254       0.856129        28.0171        3.73767        7.11337                 NaN            NaN
  1416.67        2500.00        5.85033                 NaN   54.4254       0.856129        28.0171        3.73767        7.11337                 NaN            NaN
  1413.46        2500.00        5.85033                 NaN   54.4254       0.856129        28.0171        3.73767        7.11337                 NaN            NaN
  1410.26        2500.00        4.29086                 NaN   54.1386       0.999662        27.8792        8.33374        4.35797                 NaN            NaN
  1407.05        2500.00        4.11310                 NaN   54.1270        1.01261        27.8357        4.44912        8.42022       0.422340E-001            NaN
  1403.85        2500.00        3.92902                 NaN   54.1354        1.02146        27.7638        8.47288        4.56215       0.115243                 NaN
  1400.64        2500.00        3.92902                 NaN   54.1354        1.02146        27.7638        8.47288        4.56215       0.115243                 NaN
  1397.44        2500.00        3.58918                 NaN   54.1480        1.03927        27.6280        8.57000        4.77360       0.251898                 NaN
  1394.23        2500.00        3.58918                 NaN   54.1480        1.03927        27.6280        8.57000        4.77360       0.251898                 NaN
  1391.03        2500.00        3.58918                 NaN   54.1480        1.03927        27.6280        8.57000        4.77360       0.251898                 NaN
  1387.82        2500.00        3.58918                 NaN   54.1480        1.03927        27.6280        8.57000        4.77360       0.251898                 NaN
  1384.62        2500.00        2.99822                 NaN   54.1608        1.07394        27.3860        8.73455        5.14784       0.498739                 NaN
  1381.41        2500.00        2.99822                 NaN   54.1608        1.07394        27.3860        8.73455        5.14784       0.498739                 NaN
  1378.21        2500.00        2.99822                 NaN   54.1608        1.07394        27.3860        8.73455        5.14784       0.498739                 NaN
  1375.00        2500.00        2.99822                 NaN   54.1608        1.07394        27.3860        8.73455        5.14784       0.498739                 NaN
  1371.79        2500.00        2.99822                 NaN   54.1608        1.07394        27.3860        8.73455        5.14784       0.498739                 NaN
  1368.59        2500.00        2.99822                 NaN   54.1608        1.07394        27.3860        8.73455        5.14784       0.498739                 NaN
  1365.38        2500.00        2.99822                 NaN   54.1608        1.07394        27.3860        8.73455        5.14784       0.498739                 NaN
  1362.18        2500.00        2.99822                 NaN   54.1608        1.07394        27.3860        8.73455        5.14784       0.498739                 NaN
  1358.97        2500.00        2.06133                 NaN   54.1496        1.14064        26.9969        8.98691        5.75374       0.910828                 NaN
  1355.77        2500.00        2.06133                 NaN   54.1496        1.14064        26.9969        8.98691        5.75374       0.910828                 NaN
  1352.56        2500.00        2.06133                 NaN   54.1496        1.14064        26.9969        8.98691        5.75374       0.910828                 NaN
  1349.36        2500.00        2.06133                 NaN   54.1496        1.14064        26.9969        8.98691        5.75374       0.910828                 NaN
  1346.15        2500.00        2.06133                 NaN   54.1496        1.14064        26.9969        8.98691        5.75374       0.910828                 NaN
  1342.95        2500.00        2.06133                 NaN   54.1496        1.14064        26.9969        8.98691        5.75374       0.910828                 NaN
  1339.74        2500.00        2.06133                 NaN   54.1496        1.14064        26.9969        8.98691        5.75374       0.910828                 NaN
  1336.54        2500.00        2.06133                 NaN   54.1496        1.14064        26.9969        8.98691        5.75374       0.910828                 NaN
  1333.33        2500.00        1.32431                 NaN   54.1002        1.20427        26.7120        9.18662        6.22896        1.24366                 NaN
  1330.13        2500.00        1.32431                 NaN   54.1002        1.20427        26.7120        9.18662        6.22896        1.24366                 NaN
  1326.92        2500.00        1.32431                 NaN   54.1002        1.20427        26.7120        9.18662        6.22896        1.24366                 NaN
  1323.72        2500.00        1.32431                 NaN   54.1002        1.20427        26.7120        9.18662        6.22896        1.24366                 NaN
  1320.51        2500.00        1.32431                 NaN   54.1002        1.20427        26.7120        9.18662        6.22896        1.24366                 NaN
  1317.31        2500.00        1.32431                 NaN   54.1002        1.20427        26.7120        9.18662        6.22896        1.24366                 NaN
  1314.10        2500.00        1.32431                 NaN   54.1002        1.20427        26.7120        9.18662        6.22896        1.24366                 NaN
  1310.90        2500.00        1.32431                 NaN   54.1002        1.20427        26.7120        9.18662        6.22896        1.24366                 NaN
  1307.69        2500.00       0.703272                 NaN   54.0139        1.26626        26.5260        6.60559        9.37478        1.51024                 NaN
  1304.49        2500.00       0.631440                 NaN   54.0014        1.27379        26.5079        9.39895        6.64712        1.53945                 NaN
  1301.28        2500.00                 NaN            NaN   54.0660        1.28462        26.4247        9.46182        6.74037        1.62129       0.401190     
  1298.08        2500.00                 NaN            NaN   54.0660        1.28462        26.4247        9.46182        6.74037        1.62129       0.401190     
  1294.87        2500.00                 NaN            NaN   54.0697        1.29459        26.4697        9.45657        6.66622        1.63832       0.404888     
  1291.67        2500.00                 NaN            NaN   54.0697        1.29459        26.4697        9.45657        6.66622        1.63832       0.404888     
  1288.46        2500.00                 NaN            NaN   54.0697        1.29459        26.4697        9.45657        6.66622        1.63832       0.404888     
  1285.26        2500.00                 NaN            NaN   54.0697        1.29459        26.4697        9.45657        6.66622        1.63832       0.404888     
  1282.05        2500.00                 NaN            NaN   54.0780        1.31493        26.5595        6.52046        9.44346        1.67110       0.412577     
  1278.85        2500.00                 NaN            NaN   54.0780        1.31493        26.5595        6.52046        9.44346        1.67110       0.412577     
  1275.64        2500.00                 NaN            NaN   54.0780        1.31493        26.5595        6.52046        9.44346        1.67110       0.412577     
  1272.44        2500.00                 NaN            NaN   54.0780        1.31493        26.5595        6.52046        9.44346        1.67110       0.412577     
  1269.23        2500.00                 NaN            NaN   54.0780        1.31493        26.5595        6.52046        9.44346        1.67110       0.412577     
  1266.03        2500.00                 NaN            NaN   54.0780        1.31493        26.5595        6.52046        9.44346        1.67110       0.412577     
  1262.82        2500.00                 NaN            NaN   54.0780        1.31493        26.5595        6.52046        9.44346        1.67110       0.412577     
  1259.62        2500.00                 NaN            NaN   54.0780        1.31493        26.5595        6.52046        9.44346        1.67110       0.412577     
  1256.41        2500.00                 NaN            NaN   54.0868        1.35787        26.7209        9.41879        6.25662        1.73322       0.425812     
  1253.21        2500.00                 NaN            NaN   54.0868        1.35787        26.7209        9.41879        6.25662        1.73322       0.425812     
  1250.00        2500.00                 NaN            NaN   54.0868        1.35787        26.7209        9.41879        6.25662        1.73322       0.425812     
  1246.79        2500.00                 NaN            NaN   54.0868        1.35787        26.7209        9.41879        6.25662        1.73322       0.425812     
  1243.59        2500.00                 NaN            NaN   54.0868        1.35787        26.7209        9.41879        6.25662        1.73322       0.425812     
  1240.38        2500.00                 NaN            NaN   54.0868        1.35787        26.7209        9.41879        6.25662        1.73322       0.425812     
  1237.18        2500.00                 NaN            NaN   54.0868        1.35787        26.7209        9.41879        6.25662        1.73322       0.425812     
  1233.97        2500.00                 NaN            NaN   54.0868        1.35787        26.7209        9.41879        6.25662        1.73322       0.425812     
