|6.6.6
Archiving\03_Data\eq/QFM_m3.25/GRV/GRV_3.tab                              
           1
T(K)    
  0.000000000000000E+000
  0.000000000000000E+000
           0
           9
T(K)           P(bar)         melt(TH)       pxmn           Sp(TH)         O(HP)          Opx(TH)        Cpx(TH)        Cpx(TH)       
  2000.00        2500.00        99.3195       0.680512                 NaN            NaN            NaN            NaN            NaN
  1996.79        2500.00        99.3194       0.680586                 NaN            NaN            NaN            NaN            NaN
  1993.59        2500.00        99.3193       0.680660                 NaN            NaN            NaN            NaN            NaN
  1990.38        2500.00        99.3193       0.680734                 NaN            NaN            NaN            NaN            NaN
  1987.18        2500.00        99.3192       0.680807                 NaN            NaN            NaN            NaN            NaN
  1983.97        2500.00        99.3191       0.680881                 NaN            NaN            NaN            NaN            NaN
  1980.77        2500.00        99.3190       0.680955                 NaN            NaN            NaN            NaN            NaN
  1977.56        2500.00        99.3190       0.681029                 NaN            NaN            NaN            NaN            NaN
  1974.36        2500.00        99.3189       0.681103                 NaN            NaN            NaN            NaN            NaN
  1971.15        2500.00        99.3188       0.681177                 NaN            NaN            NaN            NaN            NaN
  1967.95        2500.00        99.3187       0.681252                 NaN            NaN            NaN            NaN            NaN
  1964.74        2500.00        99.3187       0.681326                 NaN            NaN            NaN            NaN            NaN
  1961.54        2500.00        99.3186       0.681400                 NaN            NaN            NaN            NaN            NaN
  1958.33        2500.00        99.3185       0.681475                 NaN            NaN            NaN            NaN            NaN
  1955.13        2500.00        99.3185       0.681549                 NaN            NaN            NaN            NaN            NaN
  1951.92        2500.00        99.3184       0.681623                 NaN            NaN            NaN            NaN            NaN
  1948.72        2500.00        99.3183       0.681698                 NaN            NaN            NaN            NaN            NaN
  1945.51        2500.00        99.3182       0.681773                 NaN            NaN            NaN            NaN            NaN
  1942.31        2500.00        99.3182       0.681847                 NaN            NaN            NaN            NaN            NaN
  1939.10        2500.00        99.3181       0.681922                 NaN            NaN            NaN            NaN            NaN
  1935.90        2500.00        99.3180       0.681997                 NaN            NaN            NaN            NaN            NaN
  1932.69        2500.00        99.3179       0.682072                 NaN            NaN            NaN            NaN            NaN
  1929.49        2500.00        99.3179       0.682146                 NaN            NaN            NaN            NaN            NaN
  1926.28        2500.00        99.3178       0.682221                 NaN            NaN            NaN            NaN            NaN
  1923.08        2500.00        99.3177       0.682296                 NaN            NaN            NaN            NaN            NaN
  1919.87        2500.00        99.3176       0.682371                 NaN            NaN            NaN            NaN            NaN
  1916.67        2500.00        99.3176       0.682447                 NaN            NaN            NaN            NaN            NaN
  1913.46        2500.00        99.3175       0.682522                 NaN            NaN            NaN            NaN            NaN
  1910.26        2500.00        99.3174       0.682597                 NaN            NaN            NaN            NaN            NaN
  1907.05        2500.00        99.3173       0.682672                 NaN            NaN            NaN            NaN            NaN
  1903.85        2500.00        99.3173       0.682748                 NaN            NaN            NaN            NaN            NaN
  1900.64        2500.00        99.3172       0.682823                 NaN            NaN            NaN            NaN            NaN
  1897.44        2500.00        99.3171       0.682899                 NaN            NaN            NaN            NaN            NaN
  1894.23        2500.00        99.3170       0.682974                 NaN            NaN            NaN            NaN            NaN
  1891.03        2500.00        99.3170       0.683050                 NaN            NaN            NaN            NaN            NaN
  1887.82        2500.00        99.3169       0.683125                 NaN            NaN            NaN            NaN            NaN
  1884.62        2500.00        99.3168       0.683201                 NaN            NaN            NaN            NaN            NaN
  1881.41        2500.00        99.3167       0.683277                 NaN            NaN            NaN            NaN            NaN
  1878.21        2500.00        99.3166       0.683353                 NaN            NaN            NaN            NaN            NaN
  1875.00        2500.00        99.3166       0.683428                 NaN            NaN            NaN            NaN            NaN
  1871.79        2500.00        99.3165       0.683504                 NaN            NaN            NaN            NaN            NaN
  1868.59        2500.00        99.3164       0.683580                 NaN            NaN            NaN            NaN            NaN
  1865.38        2500.00        99.3163       0.683656                 NaN            NaN            NaN            NaN            NaN
  1862.18        2500.00        99.3163       0.683732                 NaN            NaN            NaN            NaN            NaN
  1858.97        2500.00        99.3162       0.683809                 NaN            NaN            NaN            NaN            NaN
  1855.77        2500.00        99.3161       0.683885                 NaN            NaN            NaN            NaN            NaN
  1852.56        2500.00        99.3160       0.683961                 NaN            NaN            NaN            NaN            NaN
  1849.36        2500.00        99.3160       0.684037                 NaN            NaN            NaN            NaN            NaN
  1846.15        2500.00        99.3159       0.684114                 NaN            NaN            NaN            NaN            NaN
  1842.95        2500.00        99.3158       0.684190                 NaN            NaN            NaN            NaN            NaN
  1839.74        2500.00        99.3157       0.684267                 NaN            NaN            NaN            NaN            NaN
  1836.54        2500.00        99.3157       0.684343                 NaN            NaN            NaN            NaN            NaN
  1833.33        2500.00        99.3156       0.684420                 NaN            NaN            NaN            NaN            NaN
  1830.13        2500.00        99.3155       0.684496                 NaN            NaN            NaN            NaN            NaN
  1826.92        2500.00        99.3154       0.684573                 NaN            NaN            NaN            NaN            NaN
  1823.72        2500.00        99.3154       0.684650                 NaN            NaN            NaN            NaN            NaN
  1820.51        2500.00        99.3153       0.684727                 NaN            NaN            NaN            NaN            NaN
  1817.31        2500.00        99.3075       0.684814       0.772949E-002            NaN            NaN            NaN            NaN
  1814.10        2500.00        99.2938       0.684910       0.212536E-001            NaN            NaN            NaN            NaN
  1810.90        2500.00        99.2806       0.685005       0.344446E-001            NaN            NaN            NaN            NaN
  1807.69        2500.00        99.2673       0.685100       0.476395E-001            NaN            NaN            NaN            NaN
  1804.49        2500.00        99.2543       0.685195       0.605191E-001            NaN            NaN            NaN            NaN
  1801.28        2500.00        99.2413       0.685290       0.734025E-001            NaN            NaN            NaN            NaN
  1798.08        2500.00        99.2283       0.685385       0.862897E-001            NaN            NaN            NaN            NaN
  1794.87        2500.00        99.2153       0.685480       0.991805E-001            NaN            NaN            NaN            NaN
  1791.67        2500.00        99.2028       0.685574       0.111599                 NaN            NaN            NaN            NaN
  1788.46        2500.00        99.1903       0.685668       0.124021                 NaN            NaN            NaN            NaN
  1785.26        2500.00        99.1778       0.685763       0.136446                 NaN            NaN            NaN            NaN
  1782.05        2500.00        99.1653       0.685857       0.148876                 NaN            NaN            NaN            NaN
  1778.85        2500.00        99.1531       0.685951       0.160984                 NaN            NaN            NaN            NaN
  1775.64        2500.00        99.1409       0.686045       0.173096                 NaN            NaN            NaN            NaN
  1772.44        2500.00        98.9807       0.686191       0.185125       0.147948                 NaN            NaN            NaN
  1769.23        2500.00        98.2114       0.686550       0.197068       0.905028                 NaN            NaN            NaN
  1766.03        2500.00        97.4364       0.686910       0.208613        1.66805                 NaN            NaN            NaN
  1762.82        2500.00        96.6607       0.687267       0.220169        2.43184                 NaN            NaN            NaN
  1759.62        2500.00        95.8842       0.687623       0.231737        3.19640                 NaN            NaN            NaN
  1756.41        2500.00        95.1070       0.687977       0.243315        3.96170                 NaN            NaN            NaN
  1753.21        2500.00        94.3290       0.688328       0.254905        4.72775                 NaN            NaN            NaN
  1750.00        2500.00        93.5503       0.688678       0.266507        5.49454                 NaN            NaN            NaN
  1746.79        2500.00        92.7708       0.689026       0.278119        6.26207                 NaN            NaN            NaN
  1743.59        2500.00        91.9906       0.689372       0.289742        7.03032                 NaN            NaN            NaN
  1740.38        2500.00        91.2103       0.689715       0.300435        7.79957                 NaN            NaN            NaN
  1737.18        2500.00        90.4293       0.690056       0.311137        8.56953                 NaN            NaN            NaN
  1733.97        2500.00        89.6476       0.690394       0.321849        9.34020                 NaN            NaN            NaN
  1730.77        2500.00        88.8651       0.690731       0.332570        10.1116                 NaN            NaN            NaN
  1727.56        2500.00        88.0820       0.691065       0.343301        10.8836                 NaN            NaN            NaN
  1724.36        2500.00        87.2982       0.691397       0.354041        11.6563                 NaN            NaN            NaN
  1721.15        2500.00        86.5138       0.691727       0.364790        12.4297                 NaN            NaN            NaN
  1717.95        2500.00        85.7286       0.692054       0.375548        13.2038                 NaN            NaN            NaN
  1714.74        2500.00        84.9637       0.692371       0.385416        13.9585                 NaN            NaN            NaN
  1711.54        2500.00        84.1981       0.692685       0.395290        14.7139                 NaN            NaN            NaN
  1708.33        2500.00        83.4320       0.692998       0.405173        15.4699                 NaN            NaN            NaN
  1705.13        2500.00        82.6652       0.693307       0.415063        16.2264                 NaN            NaN            NaN
  1701.92        2500.00        81.8978       0.693615       0.424960        16.9836                 NaN            NaN            NaN
  1698.72        2500.00        81.1299       0.693919       0.434865        17.7413                 NaN            NaN            NaN
  1695.51        2500.00        80.3614       0.694222       0.444776        18.4996                 NaN            NaN            NaN
  1692.31        2500.00        79.5923       0.694521       0.454695        19.2585                 NaN            NaN            NaN
  1689.10        2500.00        78.8537       0.694807       0.464002        19.9875                 NaN            NaN            NaN
  1685.90        2500.00        78.1145       0.695091       0.473316        20.7171                 NaN            NaN            NaN
  1682.69        2500.00        77.3749       0.695372       0.482635        21.4471                 NaN            NaN            NaN
  1679.49        2500.00        76.6348       0.695650       0.491960        22.1776                 NaN            NaN            NaN
  1676.28        2500.00        75.9142       0.695920       0.500945        22.8889                 NaN            NaN            NaN
  1673.08        2500.00        75.1932       0.696186       0.509936        23.6007                 NaN            NaN            NaN
  1669.87        2500.00        73.5502       0.697336       0.518019        24.0321        1.20237                 NaN            NaN
  1666.67        2500.00        71.4460       0.698945       0.524929        24.2967        3.03351                 NaN            NaN
  1663.46        2500.00        69.7098       0.700296       0.528998        24.4990        4.56192                 NaN            NaN
  1660.26        2500.00        67.9671       0.701650       0.533081        24.7020        6.09616                 NaN            NaN
  1657.05        2500.00        66.2178       0.703008       0.537178        24.9057        7.63628                 NaN            NaN
  1653.85        2500.00        64.4618       0.704368       0.541290        25.1102        9.18230                 NaN            NaN
  1650.64        2500.00        62.6993       0.705732       0.545416        25.3154        10.7342                 NaN            NaN
  1647.44        2500.00        60.9300       0.707099       0.549557        25.5213        12.2921                 NaN            NaN
  1644.23        2500.00        59.1540       0.708470       0.553712        25.7279        13.8559                 NaN            NaN
  1641.03        2500.00        57.3714       0.709843       0.557882        25.9352        15.4257                 NaN            NaN
  1637.82        2500.00        56.0400       0.710907       0.557968        26.0657        16.6254                 NaN            NaN
  1634.62        2500.00        54.7048       0.711972       0.558053        26.1965        17.8287                 NaN            NaN
  1631.41        2500.00        53.3657       0.713039       0.558138        26.3277        19.0355                 NaN            NaN
  1628.21        2500.00        52.0227       0.714107       0.558221        26.4592        20.2458                 NaN            NaN
  1625.00        2500.00        50.6758       0.715178       0.558304        26.5910        21.4596                 NaN            NaN
  1621.79        2500.00        49.3251       0.716250       0.558386        26.7232        22.6771                 NaN            NaN
  1618.59        2500.00        47.9704       0.717324       0.558467        26.8557        23.8981                 NaN            NaN
  1615.38        2500.00        46.6118       0.718399       0.558547        26.9886        25.1226                 NaN            NaN
  1612.18        2500.00        45.5012       0.719308       0.554582        27.0809        26.1440                 NaN            NaN
  1608.97        2500.00        44.3878       0.720218       0.550605        27.1734        27.1680                 NaN            NaN
  1605.77        2500.00        43.2718       0.721130       0.546618        27.2661        28.1944                 NaN            NaN
  1602.56        2500.00        42.1530       0.722043       0.542620        27.3590        29.2233                 NaN            NaN
  1599.36        2500.00        41.0316       0.722957       0.538611        27.4521        30.2548                 NaN            NaN
  1596.15        2500.00        39.9074       0.723872       0.534591        27.5454        31.2888                 NaN            NaN
  1592.95        2500.00        38.7806       0.724788       0.530560        27.6388        32.3253                 NaN            NaN
  1589.74        2500.00        37.6510       0.725706       0.526518        27.7325        33.3643                 NaN            NaN
  1586.54        2500.00        36.6171       0.726563       0.518610        27.8139        34.3238                 NaN            NaN
  1583.33        2500.00        35.5809       0.727421       0.510682        27.8955        35.2855                 NaN            NaN
  1580.13        2500.00        34.5424       0.728281       0.502734        27.9773        36.2493                 NaN            NaN
  1576.92        2500.00        33.5016       0.729141       0.494767        28.0592        37.2154                 NaN            NaN
  1573.72        2500.00        32.4776       0.729993       0.484279        28.1410        38.1671                 NaN            NaN
  1570.51        2500.00        31.4309       0.730864       0.475414        28.2217        38.8996       0.241563                 NaN
  1567.31        2500.00        30.1387       0.731939       0.479173        28.3029        38.2168        2.13053                 NaN
  1564.10        2500.00        28.8429       0.733016       0.482944        28.3843        37.5319        4.02499                 NaN
  1560.90        2500.00        27.5213       0.734144       0.483727        28.4818        37.0333        5.74573                 NaN
  1557.69        2500.00        26.1958       0.735274       0.484514        28.5795        36.5332        7.47172                 NaN
  1554.49        2500.00        24.8664       0.736406       0.485302        28.6775        36.0314        9.20298                 NaN
  1551.28        2500.00        23.5331       0.737540       0.486094        28.7757        35.5280        10.9395                 NaN
  1548.08        2500.00        22.2217       0.738684       0.482295        28.8850        35.3206        12.3518                 NaN
  1544.87        2500.00        20.9298       0.739824       0.473623        29.0016        35.4109        13.2125       0.231778     
  1541.67        2500.00        20.9286       0.739845       0.473641        29.0020        35.4114        13.2127       0.231781     
  1538.46        2500.00        18.3583       0.742138       0.431825        29.2783        37.0188        11.1138        3.05682     
  1535.26        2500.00        18.3573       0.742157       0.431841        29.2786        37.0193        11.1140        3.05685     
  1532.05        2500.00        18.3562       0.742177       0.431857        29.2790        37.0198        11.1141        3.05689     
  1528.85        2500.00        18.3552       0.742196       0.431873        29.2793        37.0202        11.1143        3.05692     
  1525.64        2500.00        18.3542       0.742215       0.431888        29.2797        37.0207        11.1144        3.05695     
  1522.44        2500.00        18.3531       0.742235       0.431904        29.2800        37.0212        11.1145        3.05699     
  1519.23        2500.00        18.3521       0.742254       0.431920        29.2804        37.0216        11.1147        3.05702     
  1516.03        2500.00        18.3511       0.742273       0.431935        29.2807        37.0221        11.1148        3.05705     
  1512.82        2500.00        10.9481       0.748999       0.326336        29.9245        39.2714        9.38696        9.39382     
  1509.62        2500.00        10.9475       0.749014       0.326346        29.9246        39.2716        9.38701        9.39389     
  1506.41        2500.00        10.9468       0.749028       0.326357        29.9248        39.2719        9.38706        9.39397     
  1503.21        2500.00        10.9462       0.749043       0.326367        29.9250        39.2722        9.38711        9.39404     
  1500.00        2500.00        10.9456       0.749058       0.326378        29.9252        39.2725        9.38716        9.39411     
  1496.79        2500.00        10.9450       0.749073       0.326388        29.9254        39.2727        9.38721        9.39418     
  1493.59        2500.00        10.9444       0.749088       0.326398        29.9256        39.2730        9.38726        9.39425     
  1490.38        2500.00        10.9438       0.749102       0.326408        29.9258        39.2733        9.38731        9.39433     
  1487.18        2500.00        6.53257       0.753402       0.272119        30.1371        39.8878        12.7550        9.66198     
  1483.97        2500.00        6.53224       0.753414       0.272127        30.1372        39.8879        12.7551        9.66202     
  1480.77        2500.00        6.53191       0.753426       0.272135        30.1373        39.8881        12.7551        9.66207     
  1477.56        2500.00        6.53159       0.753438       0.272143        30.1374        39.8882        12.7551        9.66212     
  1474.36        2500.00        6.53126       0.753451       0.272151        30.1374        39.8884        12.7551        9.66217     
  1471.15        2500.00        6.53093       0.753463       0.272159        30.1375        39.8885        12.7552        9.66221     
  1467.95        2500.00        6.53059       0.753475       0.272167        30.1376        39.8887        12.7552        9.66226     
  1464.74        2500.00        6.53026       0.753487       0.272175        30.1377        39.8889        12.7552        9.66231     
  1461.54        2500.00        3.83829       0.756392       0.249017        30.1473        40.5091        14.9760        9.52388     
  1458.33        2500.00        3.83812       0.756402       0.249024        30.1473        40.5092        14.9760        9.52391     
  1455.13        2500.00        3.83795       0.756413       0.249031        30.1473        40.5093        14.9760        9.52395     
  1451.92        2500.00        3.83779       0.756423       0.249038        30.1473        40.5094        14.9760        9.52398     
  1448.72        2500.00        3.83762       0.756434       0.249045        30.1473        40.5095        14.9761        9.52402     
  1445.51        2500.00        3.83746       0.756444       0.249052        30.1474        40.5096        14.9761        9.52405     
  1442.31        2500.00        3.83729       0.756454       0.249059        30.1474        40.5097        14.9761        9.52409     
  1439.10        2500.00        3.83712       0.756465       0.249066        30.1474        40.5098        14.9761        9.52412     
  1435.90        2500.00        2.02371       0.758666       0.247655        30.0565        41.1107        16.5544        9.24831     
  1432.69        2500.00        2.02363       0.758676       0.247662        30.0565        41.1108        16.5544        9.24834     
  1429.49        2500.00        2.02356       0.758685       0.247668        30.0565        41.1109        16.5544        9.24837     
  1426.28        2500.00        2.02349       0.758694       0.247675        30.0565        41.1109        16.5544        9.24840     
  1423.08        2500.00        2.02342       0.758704       0.247682        30.0564        41.1110        16.5544        9.24842     
  1419.87        2500.00        2.02334       0.758713       0.247689        30.0564        41.1110        16.5544        9.24845     
  1416.67        2500.00        2.02327       0.758722       0.247695        30.0564        41.1111        16.5544        9.24848     
  1413.46        2500.00        2.02320       0.758731       0.247702        30.0564        41.1112        16.5543        9.24851     
  1410.26        2500.00       0.679063       0.760564       0.266027        29.9036        41.6553        17.7577        8.97769     
  1407.05        2500.00       0.679043       0.760573       0.266034        29.9036        41.6554        17.7577        8.97771     
  1403.85        2500.00       0.679024       0.760581       0.266041        29.9035        41.6554        17.7576        8.97774     
  1400.64        2500.00       0.679004       0.760590       0.266048        29.9035        41.6555        17.7576        8.97777     
  1397.44        2500.00       0.116725       0.761424       0.280293        29.8127        41.8972        8.85974        18.2719     
  1394.23        2500.00                 NaN  0.761610       0.284231        29.7914        41.9656        18.3792        8.81790     
  1391.03        2500.00                 NaN  0.761626       0.287786        29.7886        42.0511        8.72313        18.3877     
  1387.82        2500.00                 NaN  0.761634       0.287794        29.7886        42.0512        8.72316        18.3877     
  1384.62        2500.00                 NaN  0.761657       0.295122        29.7823        42.2175        18.4134        8.53004     
  1381.41        2500.00                 NaN  0.761665       0.295130        29.7822        42.2176        18.4134        8.53007     
  1378.21        2500.00                 NaN  0.761673       0.295138        29.7821        42.2176        18.4133        8.53009     
  1375.00        2500.00                 NaN  0.761682       0.295146        29.7821        42.2177        18.4133        8.53012     
  1371.79        2500.00                 NaN  0.761690       0.295153        29.7820        42.2177        18.4133        8.53014     
  1368.59        2500.00                 NaN  0.761698       0.295161        29.7819        42.2177        18.4133        8.53017     
  1365.38        2500.00                 NaN  0.761706       0.295169        29.7819        42.2178        18.4133        8.53019     
  1362.18        2500.00                 NaN  0.761714       0.295177        29.7818        42.2178        18.4133        8.53022     
  1358.97        2500.00                 NaN  0.761786       0.328058        29.7551        42.8167        18.4888        7.84957     
  1355.77        2500.00                 NaN  0.761794       0.328066        29.7550        42.8167        18.4888        7.84959     
  1352.56        2500.00                 NaN  0.761802       0.328075        29.7550        42.8168        18.4888        7.84962     
  1349.36        2500.00                 NaN  0.761810       0.328084        29.7549        42.8168        18.4888        7.84965     
  1346.15        2500.00                 NaN  0.761818       0.328092        29.7548        42.8168        18.4887        7.84967     
  1342.95        2500.00                 NaN  0.761825       0.328101        29.7548        42.8169        18.4887        7.84970     
  1339.74        2500.00                 NaN  0.761833       0.328110        29.7547        42.8169        18.4887        7.84972     
  1336.54        2500.00                 NaN  0.761841       0.328118        29.7546        42.8170        18.4887        7.84975     
  1333.33        2500.00                 NaN  0.761912       0.365490        29.7231        43.3115        18.5615        7.27657     
  1330.13        2500.00                 NaN  0.761920       0.365500        29.7230        43.3115        18.5615        7.27659     
  1326.92        2500.00                 NaN  0.761928       0.365509        29.7229        43.3116        18.5615        7.27662     
  1323.72        2500.00                 NaN  0.761936       0.365519        29.7228        43.3116        18.5614        7.27665     
  1320.51        2500.00                 NaN  0.761943       0.365528        29.7228        43.3117        18.5614        7.27667     
  1317.31        2500.00                 NaN  0.761951       0.365538        29.7227        43.3117        18.5614        7.27670     
  1314.10        2500.00                 NaN  0.761958       0.365547        29.7226        43.3118        18.5614        7.27673     
  1310.90        2500.00                 NaN  0.761966       0.365557        29.7225        43.3118        18.5613        7.27675     
  1307.69        2500.00                 NaN  0.762038       0.409002        29.6848        43.7208        6.80614        18.6172     
  1304.49        2500.00                 NaN  0.762045       0.409013        29.6847        43.7209        6.80617        18.6171     
  1301.28        2500.00                 NaN  0.762053       0.409023        29.6847        43.7209        6.80620        18.6171     
  1298.08        2500.00                 NaN  0.762060       0.409034        29.6846        43.7210        6.80623        18.6171     
  1294.87        2500.00                 NaN  0.762068       0.409044        29.6845        43.7211        6.80625        18.6171     
  1291.67        2500.00                 NaN  0.762075       0.409055        29.6844        43.7211        6.80628        18.6170     
  1288.46        2500.00                 NaN  0.762082       0.409065        29.6843        43.7212        6.80631        18.6170     
  1285.26        2500.00                 NaN  0.762090       0.409076        29.6843        43.7213        6.80633        18.6170     
  1282.05        2500.00                 NaN  0.762161       0.456761        29.6421        44.0712        18.6687        6.39909     
  1278.85        2500.00                 NaN  0.762168       0.456772        29.6420        44.0712        18.6687        6.39912     
  1275.64        2500.00                 NaN  0.762176       0.456784        29.6419        44.0713        18.6686        6.39915     
  1272.44        2500.00                 NaN  0.762183       0.456796        29.6419        44.0714        18.6686        6.39917     
  1269.23        2500.00                 NaN  0.762190       0.456808        29.6418        44.0714        18.6686        6.39920     
  1266.03        2500.00                 NaN  0.762197       0.456819        29.6417        44.0715        18.6686        6.39923     
  1262.82        2500.00                 NaN  0.762204       0.456831        29.6416        44.0716        18.6685        6.39926     
  1259.62        2500.00                 NaN  0.762211       0.456842        29.6415        44.0716        18.6685        6.39929     
  1256.41        2500.00                 NaN  0.762281       0.509286        29.5936        44.3658        18.7153        6.05374     
  1253.21        2500.00                 NaN  0.762288       0.509299        29.5935        44.3658        18.7153        6.05377     
  1250.00        2500.00                 NaN  0.762295       0.509312        29.5934        44.3659        18.7153        6.05380     
  1246.79        2500.00                 NaN  0.762302       0.509325        29.5933        44.3660        18.7152        6.05382     
  1243.59        2500.00                 NaN  0.762309       0.509338        29.5933        44.3661        18.7152        6.05385     
  1240.38        2500.00                 NaN  0.762316       0.509351        29.5932        44.3661        18.7152        6.05388     
  1237.18        2500.00                 NaN  0.762323       0.509364        29.5931        44.3662        18.7151        6.05391     
  1233.97        2500.00                 NaN  0.762330       0.509376        29.5930        44.3663        18.7151        6.05394     
  1230.77        2500.00                 NaN  0.762400       0.564790        29.5422        44.6270        5.74604        18.7575     
  1227.56        2500.00                 NaN  0.762407       0.564804        29.5421        44.6271        5.74607        18.7575     
  1224.36        2500.00                 NaN  0.762414       0.564819        29.5420        44.6272        5.74610        18.7574     
  1221.15        2500.00                 NaN  0.762421       0.564833        29.5420        44.6273        5.74613        18.7574     
  1217.95        2500.00                 NaN  0.762427       0.564847        29.5419        44.6273        5.74616        18.7574     
  1214.74        2500.00                 NaN  0.762434       0.564861        29.5418        44.6274        5.74619        18.7573     
  1211.54        2500.00                 NaN  0.762441       0.564875        29.5417        44.6275        5.74621        18.7573     
  1208.33        2500.00                 NaN  0.762447       0.564889        29.5416        44.6276        5.74624        18.7573     
  1205.13        2500.00                 NaN  0.762518       0.624954        29.4860        44.8566        5.47527        18.7947     
  1201.92        2500.00                 NaN  0.762524       0.624970        29.4859        44.8567        5.47530        18.7946     
  1198.72        2500.00                 NaN  0.762531       0.624985        29.4858        44.8568        5.47533        18.7946     
  1195.51        2500.00                 NaN  0.762537       0.625001        29.4857        44.8569        5.47535        18.7946     
  1192.31        2500.00                 NaN  0.762544       0.625016        29.4856        44.8570        5.47538        18.7945     
  1189.10        2500.00                 NaN  0.762550       0.625032        29.4855        44.8570        5.47541        18.7945     
  1185.90        2500.00                 NaN  0.762557       0.625047        29.4854        44.8571        5.47544        18.7945     
  1182.69        2500.00                 NaN  0.762563       0.625063        29.4853        44.8572        5.47547        18.7944     
  1179.49        2500.00                 NaN  0.762632       0.688447        29.4252        45.0686        18.8258        5.22934     
  1176.28        2500.00                 NaN  0.762638       0.688464        29.4251        45.0687        18.8257        5.22937     
  1173.08        2500.00                 NaN  0.762644       0.688481        29.4250        45.0687        18.8257        5.22940     
  1169.87        2500.00                 NaN  0.762650       0.688498        29.4249        45.0688        18.8256        5.22943     
  1166.67        2500.00                 NaN  0.762657       0.688515        29.4248        45.0689        18.8256        5.22945     
  1163.46        2500.00                 NaN  0.762663       0.688531        29.4247        45.0690        18.8256        5.22948     
  1160.26        2500.00                 NaN  0.762669       0.688548        29.4246        45.0691        18.8255        5.22951     
  1157.05        2500.00                 NaN  0.762675       0.688565        29.4245        45.0692        18.8255        5.22954     
  1153.85        2500.00                 NaN  0.762746       0.755732        29.3612        45.2504        18.8521        5.01780     
  1150.64        2500.00                 NaN  0.762752       0.755751        29.3611        45.2505        18.8521        5.01783     
  1147.44        2500.00                 NaN  0.762758       0.755769        29.3610        45.2506        18.8520        5.01786     
  1144.23        2500.00                 NaN  0.762764       0.755788        29.3609        45.2507        18.8520        5.01789     
  1141.03        2500.00                 NaN  0.762770       0.755806        29.3608        45.2508        18.8519        5.01792     
  1137.82        2500.00                 NaN  0.762776       0.755825        29.3606        45.2509        18.8519        5.01795     
  1134.62        2500.00                 NaN  0.762782       0.755843        29.3605        45.2510        18.8519        5.01798     
  1131.41        2500.00                 NaN  0.762788       0.755861        29.3604        45.2511        18.8518        5.01801     
  1128.21        2500.00                 NaN  0.762856       0.826127        29.2931        45.4250        18.8754        4.81755     
  1125.00        2500.00                 NaN  0.762862       0.826147        29.2930        45.4251        18.8754        4.81758     
  1121.79        2500.00                 NaN  0.762868       0.826167        29.2929        45.4252        18.8753        4.81761     
  1118.59        2500.00                 NaN  0.762874       0.826187        29.2927        45.4253        18.8753        4.81764     
  1115.38        2500.00                 NaN  0.762880       0.826207        29.2926        45.4254        18.8753        4.81767     
  1112.18        2500.00                 NaN  0.762885       0.826227        29.2925        45.4255        18.8752        4.81770     
  1108.97        2500.00                 NaN  0.762891       0.826247        29.2924        45.4256        18.8752        4.81773     
  1105.77        2500.00                 NaN  0.762897       0.826267        29.2923        45.4257        18.8751        4.81776     
  1102.56        2500.00                 NaN  0.762964       0.900380        29.2205        45.5893        4.63630        18.8905     
  1099.36        2500.00                 NaN  0.762970       0.900402        29.2204        45.5894        4.63633        18.8905     
  1096.15        2500.00                 NaN  0.762976       0.900423        29.2202        45.5895        4.63636        18.8905     
  1092.95        2500.00                 NaN  0.762981       0.900445        29.2201        45.5896        4.63639        18.8904     
  1089.74        2500.00                 NaN  0.762987       0.900466        29.2200        45.5898        4.63642        18.8904     
  1086.54        2500.00                 NaN  0.762992       0.900488        29.2199        45.5899        4.63645        18.8903     
  1083.33        2500.00                 NaN  0.762998       0.900509        29.2198        45.5900        4.63648        18.8903     
  1080.13        2500.00                 NaN  0.763003       0.900531        29.2197        45.5901        4.63651        18.8902     
  1076.92        2500.00                 NaN  0.763071       0.977077        29.1450        45.7484        4.46339        18.9031     
  1073.72        2500.00                 NaN  0.763076       0.977101        29.1449        45.7485        4.46342        18.9031     
  1070.51        2500.00                 NaN  0.763081       0.977124        29.1447        45.7486        4.46345        18.9030     
  1067.31        2500.00                 NaN  0.763087       0.977147        29.1446        45.7487        4.46348        18.9030     
  1064.10        2500.00                 NaN  0.763092       0.977170        29.1445        45.7488        4.46351        18.9029     
