|6.6.6
Archiving\03_Data\eq/QFM_m1/Y98/Y98_1.tab                                 
           1
T(K)    
  0.000000000000000E+000
  0.000000000000000E+000
           0
          11
T(K)           P(bar)         melt(TH)       pxmn           Ni             O(HP)          Sp(TH)         Opx(TH)        Cpx(TH)        Cpx(TH)        an            
  2000.00        2500.00        99.0134       0.962987       0.236364E-001            NaN            NaN            NaN            NaN            NaN            NaN
  1996.79        2500.00        99.0134       0.962986       0.236363E-001            NaN            NaN            NaN            NaN            NaN            NaN
  1993.59        2500.00        99.0134       0.962984       0.236363E-001            NaN            NaN            NaN            NaN            NaN            NaN
  1990.38        2500.00        99.0134       0.962983       0.236362E-001            NaN            NaN            NaN            NaN            NaN            NaN
  1987.18        2500.00        99.0134       0.962981       0.236362E-001            NaN            NaN            NaN            NaN            NaN            NaN
  1983.97        2500.00        99.0134       0.962979       0.236362E-001            NaN            NaN            NaN            NaN            NaN            NaN
  1980.77        2500.00        99.0134       0.962978       0.236361E-001            NaN            NaN            NaN            NaN            NaN            NaN
  1977.56        2500.00        99.0134       0.962976       0.236361E-001            NaN            NaN            NaN            NaN            NaN            NaN
  1974.36        2500.00        99.0134       0.962974       0.236360E-001            NaN            NaN            NaN            NaN            NaN            NaN
  1971.15        2500.00        99.0134       0.962973       0.236360E-001            NaN            NaN            NaN            NaN            NaN            NaN
  1967.95        2500.00        99.0134       0.962971       0.236360E-001            NaN            NaN            NaN            NaN            NaN            NaN
  1964.74        2500.00        99.0134       0.962969       0.236359E-001            NaN            NaN            NaN            NaN            NaN            NaN
  1961.54        2500.00        99.0134       0.962967       0.236359E-001            NaN            NaN            NaN            NaN            NaN            NaN
  1958.33        2500.00        99.0134       0.962966       0.236358E-001            NaN            NaN            NaN            NaN            NaN            NaN
  1955.13        2500.00        99.0134       0.962964       0.236358E-001            NaN            NaN            NaN            NaN            NaN            NaN
  1951.92        2500.00        99.0134       0.962962       0.236357E-001            NaN            NaN            NaN            NaN            NaN            NaN
  1948.72        2500.00        99.0134       0.962961       0.236357E-001            NaN            NaN            NaN            NaN            NaN            NaN
  1945.51        2500.00        99.0134       0.962959       0.236357E-001            NaN            NaN            NaN            NaN            NaN            NaN
  1942.31        2500.00        99.0134       0.962957       0.236356E-001            NaN            NaN            NaN            NaN            NaN            NaN
  1939.10        2500.00        99.0134       0.962955       0.236356E-001            NaN            NaN            NaN            NaN            NaN            NaN
  1935.90        2500.00        99.0134       0.962953       0.236355E-001            NaN            NaN            NaN            NaN            NaN            NaN
  1932.69        2500.00        99.0134       0.962951       0.236355E-001            NaN            NaN            NaN            NaN            NaN            NaN
  1929.49        2500.00        99.0134       0.962949       0.236354E-001            NaN            NaN            NaN            NaN            NaN            NaN
  1926.28        2500.00        99.0134       0.962947       0.236354E-001            NaN            NaN            NaN            NaN            NaN            NaN
  1923.08        2500.00        99.0134       0.962945       0.236353E-001            NaN            NaN            NaN            NaN            NaN            NaN
  1919.87        2500.00        99.0134       0.962943       0.236353E-001            NaN            NaN            NaN            NaN            NaN            NaN
  1916.67        2500.00        99.0134       0.962941       0.236352E-001            NaN            NaN            NaN            NaN            NaN            NaN
  1913.46        2500.00        99.0134       0.962939       0.236352E-001            NaN            NaN            NaN            NaN            NaN            NaN
  1910.26        2500.00        99.0134       0.962937       0.236351E-001            NaN            NaN            NaN            NaN            NaN            NaN
  1907.05        2500.00        99.0134       0.962935       0.236351E-001            NaN            NaN            NaN            NaN            NaN            NaN
  1903.85        2500.00        99.0134       0.962933       0.236350E-001            NaN            NaN            NaN            NaN            NaN            NaN
  1900.64        2500.00        99.0134       0.962931       0.236350E-001            NaN            NaN            NaN            NaN            NaN            NaN
  1897.44        2500.00        99.0134       0.962929       0.236349E-001            NaN            NaN            NaN            NaN            NaN            NaN
  1894.23        2500.00        99.0134       0.962927       0.236349E-001            NaN            NaN            NaN            NaN            NaN            NaN
  1891.03        2500.00        99.0134       0.962924       0.236348E-001            NaN            NaN            NaN            NaN            NaN            NaN
  1887.82        2500.00        99.0134       0.962922       0.236348E-001            NaN            NaN            NaN            NaN            NaN            NaN
  1884.62        2500.00        99.0134       0.962920       0.236347E-001            NaN            NaN            NaN            NaN            NaN            NaN
  1881.41        2500.00        99.0134       0.962917       0.236346E-001            NaN            NaN            NaN            NaN            NaN            NaN
  1878.21        2500.00        99.0135       0.962915       0.236346E-001            NaN            NaN            NaN            NaN            NaN            NaN
  1875.00        2500.00        99.0135       0.962913       0.236345E-001            NaN            NaN            NaN            NaN            NaN            NaN
  1871.79        2500.00        99.0135       0.962911       0.236345E-001            NaN            NaN            NaN            NaN            NaN            NaN
  1868.59        2500.00        99.0135       0.962908       0.236344E-001            NaN            NaN            NaN            NaN            NaN            NaN
  1865.38        2500.00        99.0135       0.962906       0.236343E-001            NaN            NaN            NaN            NaN            NaN            NaN
  1862.18        2500.00        99.0135       0.962903       0.236343E-001            NaN            NaN            NaN            NaN            NaN            NaN
  1858.97        2500.00        99.0135       0.962901       0.236342E-001            NaN            NaN            NaN            NaN            NaN            NaN
  1855.77        2500.00        99.0135       0.962898       0.236342E-001            NaN            NaN            NaN            NaN            NaN            NaN
  1852.56        2500.00        99.0135       0.962896       0.236341E-001            NaN            NaN            NaN            NaN            NaN            NaN
  1849.36        2500.00        99.0135       0.962893       0.236340E-001            NaN            NaN            NaN            NaN            NaN            NaN
  1846.15        2500.00        99.0135       0.962891       0.236340E-001            NaN            NaN            NaN            NaN            NaN            NaN
  1842.95        2500.00        99.0135       0.962888       0.236339E-001            NaN            NaN            NaN            NaN            NaN            NaN
  1839.74        2500.00        99.0135       0.962885       0.236338E-001            NaN            NaN            NaN            NaN            NaN            NaN
  1836.54        2500.00        99.0135       0.962883       0.236338E-001            NaN            NaN            NaN            NaN            NaN            NaN
  1833.33        2500.00        99.0135       0.962880       0.236337E-001            NaN            NaN            NaN            NaN            NaN            NaN
  1830.13        2500.00        99.0135       0.962877       0.236336E-001            NaN            NaN            NaN            NaN            NaN            NaN
  1826.92        2500.00        99.0135       0.962874       0.236336E-001            NaN            NaN            NaN            NaN            NaN            NaN
  1823.72        2500.00        99.0135       0.962872       0.236335E-001            NaN            NaN            NaN            NaN            NaN            NaN
  1820.51        2500.00        99.0135       0.962869       0.236334E-001            NaN            NaN            NaN            NaN            NaN            NaN
  1817.31        2500.00        99.0135       0.962866       0.236334E-001            NaN            NaN            NaN            NaN            NaN            NaN
  1814.10        2500.00        99.0135       0.962863       0.236333E-001            NaN            NaN            NaN            NaN            NaN            NaN
  1810.90        2500.00        99.0135       0.962860       0.236332E-001            NaN            NaN            NaN            NaN            NaN            NaN
  1807.69        2500.00        99.0135       0.962857       0.236332E-001            NaN            NaN            NaN            NaN            NaN            NaN
  1804.49        2500.00        99.0135       0.962854       0.236331E-001            NaN            NaN            NaN            NaN            NaN            NaN
  1801.28        2500.00        99.0135       0.962851       0.236330E-001            NaN            NaN            NaN            NaN            NaN            NaN
  1798.08        2500.00        99.0135       0.962848       0.236329E-001            NaN            NaN            NaN            NaN            NaN            NaN
  1794.87        2500.00        99.0135       0.962845       0.236329E-001            NaN            NaN            NaN            NaN            NaN            NaN
  1791.67        2500.00        99.0135       0.962842       0.236328E-001            NaN            NaN            NaN            NaN            NaN            NaN
  1788.46        2500.00        99.0135       0.962839       0.236327E-001            NaN            NaN            NaN            NaN            NaN            NaN
  1785.26        2500.00        99.0135       0.962836       0.236326E-001            NaN            NaN            NaN            NaN            NaN            NaN
  1782.05        2500.00        99.0135       0.962832       0.236326E-001            NaN            NaN            NaN            NaN            NaN            NaN
  1778.85        2500.00        99.0135       0.962829       0.236325E-001            NaN            NaN            NaN            NaN            NaN            NaN
  1775.64        2500.00        99.0135       0.962826       0.236324E-001            NaN            NaN            NaN            NaN            NaN            NaN
  1772.44        2500.00        99.0135       0.962823       0.236323E-001            NaN            NaN            NaN            NaN            NaN            NaN
  1769.23        2500.00        99.0135       0.962820       0.236322E-001            NaN            NaN            NaN            NaN            NaN            NaN
  1766.03        2500.00        99.0136       0.962816       0.236322E-001            NaN            NaN            NaN            NaN            NaN            NaN
  1762.82        2500.00        99.0136       0.962813       0.236321E-001            NaN            NaN            NaN            NaN            NaN            NaN
  1759.62        2500.00        99.0136       0.962809       0.236320E-001            NaN            NaN            NaN            NaN            NaN            NaN
  1756.41        2500.00        99.0136       0.962806       0.236319E-001            NaN            NaN            NaN            NaN            NaN            NaN
  1753.21        2500.00        99.0136       0.962802       0.236318E-001            NaN            NaN            NaN            NaN            NaN            NaN
  1750.00        2500.00        99.0136       0.962799       0.236317E-001            NaN            NaN            NaN            NaN            NaN            NaN
  1746.79        2500.00        99.0136       0.962795       0.236316E-001            NaN            NaN            NaN            NaN            NaN            NaN
  1743.59        2500.00        99.0136       0.962792       0.236316E-001            NaN            NaN            NaN            NaN            NaN            NaN
  1740.38        2500.00        99.0136       0.962788       0.236315E-001            NaN            NaN            NaN            NaN            NaN            NaN
  1737.18        2500.00        99.0136       0.962784       0.236314E-001            NaN            NaN            NaN            NaN            NaN            NaN
  1733.97        2500.00        98.7937       0.962723                 NaN  0.243590                 NaN            NaN            NaN            NaN            NaN
  1730.77        2500.00        98.7865       0.962720                 NaN  0.250783                 NaN            NaN            NaN            NaN            NaN
  1727.56        2500.00        98.7773       0.962716                 NaN  0.259938                 NaN            NaN            NaN            NaN            NaN
  1724.36        2500.00        98.7682       0.962712                 NaN  0.269093                 NaN            NaN            NaN            NaN            NaN
  1721.15        2500.00        98.7590       0.962709                 NaN  0.278247                 NaN            NaN            NaN            NaN            NaN
  1717.95        2500.00        98.7499       0.962705                 NaN  0.287401                 NaN            NaN            NaN            NaN            NaN
  1714.74        2500.00        98.7390       0.962701                 NaN  0.298292                 NaN            NaN            NaN            NaN            NaN
  1711.54        2500.00        98.7281       0.962698                 NaN  0.309182                 NaN            NaN            NaN            NaN            NaN
  1708.33        2500.00        98.7163       0.962694                 NaN  0.321007                 NaN            NaN            NaN            NaN            NaN
  1705.13        2500.00        98.6837       0.962690                 NaN  0.336294       0.173172E-001            NaN            NaN            NaN            NaN
  1701.92        2500.00        98.6464       0.962686                 NaN  0.354923       0.359602E-001            NaN            NaN            NaN            NaN
  1698.72        2500.00        98.6092       0.962682                 NaN  0.373552       0.546030E-001            NaN            NaN            NaN            NaN
  1695.51        2500.00        98.5719       0.962677                 NaN  0.392180       0.732457E-001            NaN            NaN            NaN            NaN
  1692.31        2500.00        98.5346       0.962673                 NaN  0.410809       0.918882E-001            NaN            NaN            NaN            NaN
  1689.10        2500.00        98.4759       0.962670                 NaN  0.451775       0.109614                 NaN            NaN            NaN            NaN
  1685.90        2500.00        98.4173       0.962666                 NaN  0.492740       0.127339                 NaN            NaN            NaN            NaN
  1682.69        2500.00        98.3586       0.962662                 NaN  0.533706       0.145064                 NaN            NaN            NaN            NaN
  1679.49        2500.00        98.2999       0.962658                 NaN  0.574671       0.162789                 NaN            NaN            NaN            NaN
  1676.28        2500.00        98.2412       0.962654                 NaN  0.615636       0.180514                 NaN            NaN            NaN            NaN
  1673.08        2500.00        98.1825       0.962651                 NaN  0.656600       0.198239                 NaN            NaN            NaN            NaN
  1669.87        2500.00        98.1238       0.962647                 NaN  0.697564       0.215963                 NaN            NaN            NaN            NaN
  1666.67        2500.00        98.0651       0.962643                 NaN  0.738528       0.233688                 NaN            NaN            NaN            NaN
  1663.46        2500.00        97.8566       0.962643                 NaN  0.930427       0.250303                 NaN            NaN            NaN            NaN
  1660.26        2500.00        97.6481       0.962643                 NaN   1.12232       0.266918                 NaN            NaN            NaN            NaN
  1657.05        2500.00        97.4396       0.962643                 NaN   1.31422       0.283533                 NaN            NaN            NaN            NaN
  1653.85        2500.00        97.2311       0.962643                 NaN   1.50612       0.300148                 NaN            NaN            NaN            NaN
  1650.64        2500.00        97.0226       0.962643                 NaN   1.69802       0.316763                 NaN            NaN            NaN            NaN
  1647.44        2500.00        96.8141       0.962643                 NaN   1.88992       0.333378                 NaN            NaN            NaN            NaN
  1644.23        2500.00        96.6055       0.962643                 NaN   2.08182       0.349993                 NaN            NaN            NaN            NaN
  1641.03        2500.00        96.3970       0.962643                 NaN   2.27371       0.366608                 NaN            NaN            NaN            NaN
  1637.82        2500.00        95.8488       0.962653                 NaN   2.80604       0.382474                 NaN            NaN            NaN            NaN
  1634.62        2500.00        95.3006       0.962663                 NaN   3.33838       0.398340                 NaN            NaN            NaN            NaN
  1631.41        2500.00        94.7524       0.962672                 NaN   3.87072       0.414206                 NaN            NaN            NaN            NaN
  1628.21        2500.00        94.2042       0.962682                 NaN   4.40308       0.430073                 NaN            NaN            NaN            NaN
  1625.00        2500.00        93.5284       0.962696                 NaN   5.06340       0.445498                 NaN            NaN            NaN            NaN
  1621.79        2500.00        92.8526       0.962709                 NaN   5.72373       0.460923                 NaN            NaN            NaN            NaN
  1618.59        2500.00        91.2496       0.962727                 NaN   6.05857       0.457535        1.27159                 NaN            NaN            NaN
  1615.38        2500.00        89.2920       0.962745                 NaN   6.23335       0.445565        3.06638                 NaN            NaN            NaN
  1612.18        2500.00        87.5965       0.962761                 NaN   6.38217       0.431991        4.62653                 NaN            NaN            NaN
  1608.97        2500.00        85.9011       0.962777                 NaN   6.53100       0.418415        6.18673                 NaN            NaN            NaN
  1605.77        2500.00        84.2055       0.962793                 NaN   6.67984       0.404840        7.74698                 NaN            NaN            NaN
  1602.56        2500.00        82.5100       0.962809                 NaN   6.82868       0.391264        9.30728                 NaN            NaN            NaN
  1599.36        2500.00        80.8143       0.962825                 NaN   6.97752       0.377687        10.8676                 NaN            NaN            NaN
  1596.15        2500.00        79.1186       0.962841                 NaN   7.12637       0.364110        12.4280                 NaN            NaN            NaN
  1592.95        2500.00        77.4229       0.962857                 NaN   7.27523       0.350533        13.9885                 NaN            NaN            NaN
  1589.74        2500.00        75.7271       0.962873                 NaN   7.42409       0.336955        15.5490                 NaN            NaN            NaN
  1586.54        2500.00        74.3713       0.962886                 NaN   7.53729       0.320415        16.8081                 NaN            NaN            NaN
  1583.33        2500.00        73.0156       0.962898                 NaN   7.65049       0.303875        18.0672                 NaN            NaN            NaN
  1580.13        2500.00        71.6597       0.962911                 NaN   7.76370       0.287335        19.3263                 NaN            NaN            NaN
  1576.92        2500.00        70.3039       0.962924                 NaN   7.87691       0.270794        20.5855                 NaN            NaN            NaN
  1573.72        2500.00        68.9480       0.962937                 NaN   7.99012       0.254253        21.8447                 NaN            NaN            NaN
  1570.51        2500.00        67.5921       0.962950                 NaN   8.10333       0.237711        23.1039                 NaN            NaN            NaN
  1567.31        2500.00        66.2361       0.962963                 NaN   8.21655       0.221169        24.3632                 NaN            NaN            NaN
  1564.10        2500.00        64.8801       0.962975                 NaN   8.32977       0.204626        25.6225                 NaN            NaN            NaN
  1560.90        2500.00        63.7344       0.962986                 NaN   8.41863       0.183999        26.6999                 NaN            NaN            NaN
  1557.69        2500.00        62.5887       0.962996                 NaN   8.50749       0.163371        27.7774                 NaN            NaN            NaN
  1554.49        2500.00        61.4430       0.963006                 NaN   8.59635       0.142743        28.8549                 NaN            NaN            NaN
  1551.28        2500.00        60.2972       0.963016                 NaN   8.68521       0.122114        29.9325                 NaN            NaN            NaN
  1548.08        2500.00        59.1514       0.963026                 NaN   8.77408       0.101485        31.0100                 NaN            NaN            NaN
  1544.87        2500.00        58.0056       0.963036                 NaN   8.86294       0.808553E-001   32.0876                 NaN            NaN            NaN
  1541.67        2500.00        56.8597       0.963047                 NaN   8.95181       0.602253E-001   33.1652                 NaN            NaN            NaN
  1538.46        2500.00        55.7139       0.963057                 NaN   9.04068       0.395949E-001   34.2428                 NaN            NaN            NaN
  1535.26        2500.00        54.6407       0.963066                 NaN   9.12061       0.155363E-001   35.2600                 NaN            NaN            NaN
  1532.05        2500.00        53.6081       0.963073                 NaN   9.20057                 NaN   36.2283                 NaN            NaN            NaN
  1528.85        2500.00        52.6246       0.963080                 NaN   9.28328                 NaN   37.1290                 NaN            NaN            NaN
  1525.64        2500.00        51.6412       0.963087                 NaN   9.36600                 NaN   38.0298                 NaN            NaN            NaN
  1522.44        2500.00        50.6873       0.963093                 NaN   9.43924                 NaN   38.9103                 NaN            NaN            NaN
  1519.23        2500.00        49.7335       0.963098                 NaN   9.51248                 NaN   39.7909                 NaN            NaN            NaN
  1516.03        2500.00        48.7797       0.963104                 NaN   9.58572                 NaN   40.6715                 NaN            NaN            NaN
  1512.82        2500.00        47.8258       0.963110                 NaN   9.65897                 NaN   41.5521                 NaN            NaN            NaN
  1509.62        2500.00        46.8879       0.963114                 NaN   9.72509                 NaN   42.4239                 NaN            NaN            NaN
  1506.41        2500.00        45.9499       0.963118                 NaN   9.79122                 NaN   43.2958                 NaN            NaN            NaN
  1503.21        2500.00        45.0119       0.963122                 NaN   9.85734                 NaN   44.1676                 NaN            NaN            NaN
  1500.00        2500.00        44.0739       0.963127                 NaN   9.92347                 NaN   45.0395                 NaN            NaN            NaN
  1496.79        2500.00        42.8424       0.963132                 NaN   9.99977                 NaN   45.7065       0.488194                 NaN            NaN
  1493.59        2500.00        41.1136       0.963143                 NaN   10.1255                 NaN   45.9325        1.86522                 NaN            NaN
  1490.38        2500.00        39.4313       0.963153                 NaN   10.2398                 NaN   46.1480        3.21774                 NaN            NaN
  1487.18        2500.00        37.6328       0.963170                 NaN   10.3176                 NaN   45.5268        1.17552        4.38412                 NaN
  1483.97        2500.00        37.6328       0.963170                 NaN   10.3176                 NaN   45.5268        1.17552        4.38412                 NaN
  1480.77        2500.00        37.6328       0.963170                 NaN   10.3176                 NaN   45.5268        1.17552        4.38412                 NaN
  1477.56        2500.00        37.6328       0.963170                 NaN   10.3176                 NaN   45.5268        1.17552        4.38412                 NaN
  1474.36        2500.00        37.6328       0.963170                 NaN   10.3176                 NaN   45.5268        1.17552        4.38412                 NaN
  1471.15        2500.00        37.6328       0.963170                 NaN   10.3176                 NaN   45.5268        1.17552        4.38412                 NaN
  1467.95        2500.00        37.6328       0.963170                 NaN   10.3176                 NaN   45.5268        1.17552        4.38412                 NaN
  1464.74        2500.00        37.6328       0.963170                 NaN   10.3176                 NaN   45.5268        1.17552        4.38412                 NaN
  1461.54        2500.00        24.8399       0.963286                 NaN   10.6061                 NaN   41.1562        12.6219        9.81260                 NaN
  1458.33        2500.00        24.8399       0.963286                 NaN   10.6061                 NaN   41.1562        12.6219        9.81260                 NaN
  1455.13        2500.00        24.8399       0.963286                 NaN   10.6061                 NaN   41.1562        12.6219        9.81260                 NaN
  1451.92        2500.00        24.8399       0.963286                 NaN   10.6061                 NaN   41.1562        12.6219        9.81260                 NaN
  1448.72        2500.00        19.7794       0.963316                 NaN   10.5790                 NaN   40.5382        11.9851        16.1549                 NaN
  1445.51        2500.00        19.7794       0.963316                 NaN   10.5790                 NaN   40.5382        11.9851        16.1549                 NaN
  1442.31        2500.00        17.5775       0.963325                 NaN   10.5312                 NaN   40.5049        17.7342        12.6889                 NaN
  1439.10        2500.00        16.5560       0.963328                 NaN   10.5029                 NaN   40.5098        12.9934        18.4746                 NaN
  1435.90        2500.00        15.5624       0.963332                 NaN   10.4488       0.261980E-001   40.4197        13.3767        19.2029                 NaN
  1432.69        2500.00        14.2483       0.963351                 NaN   10.5613       0.577969E-001   39.9868        19.7259        14.1530       0.303509     
  1429.49        2500.00        12.8664       0.963378                 NaN   10.7560       0.880653E-001   39.4071        15.0766        20.0931       0.749343     
  1426.28        2500.00        12.8664       0.963378                 NaN   10.7560       0.880653E-001   39.4071        15.0766        20.0931       0.749343     
  1423.08        2500.00        10.5579       0.963422                 NaN   11.0820       0.141100        38.4144        20.6722        16.6425        1.52660     
  1419.87        2500.00        10.5579       0.963422                 NaN   11.0820       0.141100        38.4144        20.6722        16.6425        1.52660     
  1416.67        2500.00        10.5579       0.963422                 NaN   11.0820       0.141100        38.4144        20.6722        16.6425        1.52660     
  1413.46        2500.00        10.5579       0.963422                 NaN   11.0820       0.141100        38.4144        20.6722        16.6425        1.52660     
  1410.26        2500.00        7.16354       0.963489                 NaN   11.5551       0.225949        36.9102        18.9978        21.4088        2.77515     
  1407.05        2500.00        7.16354       0.963489                 NaN   11.5551       0.225949        36.9102        18.9978        21.4088        2.77515     
  1403.85        2500.00        7.16354       0.963489                 NaN   11.5551       0.225949        36.9102        18.9978        21.4088        2.77515     
  1400.64        2500.00        7.16354       0.963489                 NaN   11.5551       0.225949        36.9102        18.9978        21.4088        2.77515     
  1397.44        2500.00        7.16354       0.963489                 NaN   11.5551       0.225949        36.9102        18.9978        21.4088        2.77515     
  1394.23        2500.00        7.16354       0.963489                 NaN   11.5551       0.225949        36.9102        18.9978        21.4088        2.77515     
  1391.03        2500.00        7.16354       0.963489                 NaN   11.5551       0.225949        36.9102        18.9978        21.4088        2.77515     
  1387.82        2500.00        7.16354       0.963489                 NaN   11.5551       0.225949        36.9102        18.9978        21.4088        2.77515     
  1384.62        2500.00        2.96090       0.963571                 NaN   12.0883       0.346636        35.0433        21.9653        22.0164        4.61561     
  1381.41        2500.00        2.96090       0.963571                 NaN   12.0883       0.346636        35.0433        21.9653        22.0164        4.61561     
  1378.21        2500.00        2.96090       0.963571                 NaN   12.0883       0.346636        35.0433        21.9653        22.0164        4.61561     
  1375.00        2500.00        2.96090       0.963571                 NaN   12.0883       0.346636        35.0433        21.9653        22.0164        4.61561     
  1371.79        2500.00        2.96090       0.963571                 NaN   12.0883       0.346636        35.0433        21.9653        22.0164        4.61561     
  1368.59        2500.00        2.96090       0.963571                 NaN   12.0883       0.346636        35.0433        21.9653        22.0164        4.61561     
  1365.38        2500.00        2.96090       0.963571                 NaN   12.0883       0.346636        35.0433        21.9653        22.0164        4.61561     
  1362.18        2500.00        2.96090       0.963571                 NaN   12.0883       0.346636        35.0433        21.9653        22.0164        4.61561     
  1358.97        2500.00       0.294153       0.963614                 NaN   12.3314       0.432550        34.0107        23.7913        22.1359        6.04038     
  1355.77        2500.00       0.172911E-001  0.963618                 NaN   12.3470       0.441676        33.9187        22.1380        23.9727        6.20105     
  1352.56        2500.00                 NaN  0.963621                 NaN   12.3725       0.445038        34.0007        22.1229        23.8501        6.24514     
  1349.36        2500.00                 NaN  0.963621                 NaN   12.3725       0.445038        34.0007        22.1229        23.8501        6.24514     
  1346.15        2500.00                 NaN  0.963626                 NaN   12.4240       0.450633        34.1965        23.5520        22.0962        6.31698     
  1342.95        2500.00                 NaN  0.963626                 NaN   12.4240       0.450633        34.1965        23.5520        22.0962        6.31698     
  1339.74        2500.00                 NaN  0.963626                 NaN   12.4240       0.450633        34.1965        23.5520        22.0962        6.31698     
  1336.54        2500.00                 NaN  0.963626                 NaN   12.4240       0.450633        34.1965        23.5520        22.0962        6.31698     
  1333.33        2500.00                 NaN  0.963637                 NaN   12.5231       0.464255        34.5530        22.0272        23.0116        6.45718     
  1330.13        2500.00                 NaN  0.963637                 NaN   12.5231       0.464255        34.5530        22.0272        23.0116        6.45718     
  1326.92        2500.00                 NaN  0.963637                 NaN   12.5231       0.464255        34.5530        22.0272        23.0116        6.45718     
  1323.72        2500.00                 NaN  0.963637                 NaN   12.5231       0.464255        34.5530        22.0272        23.0116        6.45718     
  1320.51        2500.00                 NaN  0.963637                 NaN   12.5231       0.464255        34.5530        22.0272        23.0116        6.45718     
  1317.31        2500.00                 NaN  0.963637                 NaN   12.5231       0.464255        34.5530        22.0272        23.0116        6.45718     
  1314.10        2500.00                 NaN  0.963637                 NaN   12.5231       0.464255        34.5530        22.0272        23.0116        6.45718     
  1310.90        2500.00                 NaN  0.963637                 NaN   12.5231       0.464255        34.5530        22.0272        23.0116        6.45718     
  1307.69        2500.00                 NaN  0.963660                 NaN   12.7114       0.492681        35.2130        21.8888        22.0057        6.72478     
  1304.49        2500.00                 NaN  0.963660                 NaN   12.7114       0.492681        35.2130        21.8888        22.0057        6.72478     
  1301.28        2500.00                 NaN  0.963660                 NaN   12.7114       0.492681        35.2130        21.8888        22.0057        6.72478     
  1298.08        2500.00                 NaN  0.963660                 NaN   12.7114       0.492681        35.2130        21.8888        22.0057        6.72478     
  1294.87        2500.00                 NaN  0.963660                 NaN   12.7114       0.492681        35.2130        21.8888        22.0057        6.72478     
  1291.67        2500.00                 NaN  0.963660                 NaN   12.7114       0.492681        35.2130        21.8888        22.0057        6.72478     
  1288.46        2500.00                 NaN  0.963660                 NaN   12.7114       0.492681        35.2130        21.8888        22.0057        6.72478     
  1285.26        2500.00                 NaN  0.963660                 NaN   12.7114       0.492681        35.2130        21.8888        22.0057        6.72478     
  1282.05        2500.00                 NaN  0.963681                 NaN   12.8781       0.527334        35.7997        21.1080        21.7563        6.96694     
  1278.85        2500.00                 NaN  0.963681                 NaN   12.8781       0.527334        35.7997        21.1080        21.7563        6.96694     
  1275.64        2500.00                 NaN  0.963681                 NaN   12.8781       0.527334        35.7997        21.1080        21.7563        6.96694     
  1272.44        2500.00                 NaN  0.963681                 NaN   12.8781       0.527334        35.7997        21.1080        21.7563        6.96694     
  1269.23        2500.00                 NaN  0.963681                 NaN   12.8781       0.527334        35.7997        21.1080        21.7563        6.96694     
  1266.03        2500.00                 NaN  0.963681                 NaN   12.8781       0.527334        35.7997        21.1080        21.7563        6.96694     
  1262.82        2500.00                 NaN  0.963681                 NaN   12.8781       0.527334        35.7997        21.1080        21.7563        6.96694     
  1259.62        2500.00                 NaN  0.963681                 NaN   12.8781       0.527334        35.7997        21.1080        21.7563        6.96694     
  1256.41        2500.00                 NaN  0.963702                 NaN   13.0326       0.564863        36.3356        20.2880        21.6199        7.19535     
  1253.21        2500.00                 NaN  0.963702                 NaN   13.0326       0.564863        36.3356        20.2880        21.6199        7.19535     
  1250.00        2500.00                 NaN  0.963702                 NaN   13.0326       0.564863        36.3356        20.2880        21.6199        7.19535     
  1246.79        2500.00                 NaN  0.963702                 NaN   13.0326       0.564863        36.3356        20.2880        21.6199        7.19535     
  1243.59        2500.00                 NaN  0.963702                 NaN   13.0326       0.564863        36.3356        20.2880        21.6199        7.19535     
  1240.38        2500.00                 NaN  0.963702                 NaN   13.0326       0.564863        36.3356        20.2880        21.6199        7.19535     
  1237.18        2500.00                 NaN  0.963702                 NaN   13.0326       0.564863        36.3356        20.2880        21.6199        7.19535     
  1233.97        2500.00                 NaN  0.963702                 NaN   13.0326       0.564863        36.3356        20.2880        21.6199        7.19535     
