|6.6.6
Archiving\03_Data\eqLP/QFM_m3/GRV/GRV_3.tab                               
           1
T(K)    
  0.000000000000000E+000
  0.000000000000000E+000
           0
          11
T(K)           P(bar)         melt(TH)       pxmn           Sp(TH)         O(HP)          Opx(TH)        Cpx(TH)        Cpx(TH)        an             ab            
  2000.00        500.000        99.3235       0.676531                 NaN            NaN            NaN            NaN            NaN            NaN            NaN
  1996.79        500.000        99.3234       0.676606                 NaN            NaN            NaN            NaN            NaN            NaN            NaN
  1993.59        500.000        99.3233       0.676682                 NaN            NaN            NaN            NaN            NaN            NaN            NaN
  1990.38        500.000        99.3232       0.676757                 NaN            NaN            NaN            NaN            NaN            NaN            NaN
  1987.18        500.000        99.3232       0.676832                 NaN            NaN            NaN            NaN            NaN            NaN            NaN
  1983.97        500.000        99.3231       0.676908                 NaN            NaN            NaN            NaN            NaN            NaN            NaN
  1980.77        500.000        99.3230       0.676983                 NaN            NaN            NaN            NaN            NaN            NaN            NaN
  1977.56        500.000        99.3229       0.677058                 NaN            NaN            NaN            NaN            NaN            NaN            NaN
  1974.36        500.000        99.3229       0.677134                 NaN            NaN            NaN            NaN            NaN            NaN            NaN
  1971.15        500.000        99.3228       0.677210                 NaN            NaN            NaN            NaN            NaN            NaN            NaN
  1967.95        500.000        99.3227       0.677285                 NaN            NaN            NaN            NaN            NaN            NaN            NaN
  1964.74        500.000        99.3226       0.677361                 NaN            NaN            NaN            NaN            NaN            NaN            NaN
  1961.54        500.000        99.3226       0.677437                 NaN            NaN            NaN            NaN            NaN            NaN            NaN
  1958.33        500.000        99.3225       0.677512                 NaN            NaN            NaN            NaN            NaN            NaN            NaN
  1955.13        500.000        99.3224       0.677588                 NaN            NaN            NaN            NaN            NaN            NaN            NaN
  1951.92        500.000        99.3223       0.677664                 NaN            NaN            NaN            NaN            NaN            NaN            NaN
  1948.72        500.000        99.3223       0.677740                 NaN            NaN            NaN            NaN            NaN            NaN            NaN
  1945.51        500.000        99.3222       0.677816                 NaN            NaN            NaN            NaN            NaN            NaN            NaN
  1942.31        500.000        99.3221       0.677892                 NaN            NaN            NaN            NaN            NaN            NaN            NaN
  1939.10        500.000        99.3220       0.677968                 NaN            NaN            NaN            NaN            NaN            NaN            NaN
  1935.90        500.000        99.3220       0.678045                 NaN            NaN            NaN            NaN            NaN            NaN            NaN
  1932.69        500.000        99.3219       0.678121                 NaN            NaN            NaN            NaN            NaN            NaN            NaN
  1929.49        500.000        99.3218       0.678197                 NaN            NaN            NaN            NaN            NaN            NaN            NaN
  1926.28        500.000        99.3217       0.678274                 NaN            NaN            NaN            NaN            NaN            NaN            NaN
  1923.08        500.000        99.3217       0.678350                 NaN            NaN            NaN            NaN            NaN            NaN            NaN
  1919.87        500.000        99.3216       0.678426                 NaN            NaN            NaN            NaN            NaN            NaN            NaN
  1916.67        500.000        99.3215       0.678503                 NaN            NaN            NaN            NaN            NaN            NaN            NaN
  1913.46        500.000        99.3214       0.678579                 NaN            NaN            NaN            NaN            NaN            NaN            NaN
  1910.26        500.000        99.3213       0.678656                 NaN            NaN            NaN            NaN            NaN            NaN            NaN
  1907.05        500.000        99.3213       0.678733                 NaN            NaN            NaN            NaN            NaN            NaN            NaN
  1903.85        500.000        99.3212       0.678809                 NaN            NaN            NaN            NaN            NaN            NaN            NaN
  1900.64        500.000        99.3211       0.678886                 NaN            NaN            NaN            NaN            NaN            NaN            NaN
  1897.44        500.000        99.3210       0.678963                 NaN            NaN            NaN            NaN            NaN            NaN            NaN
  1894.23        500.000        99.3210       0.679040                 NaN            NaN            NaN            NaN            NaN            NaN            NaN
  1891.03        500.000        99.3209       0.679117                 NaN            NaN            NaN            NaN            NaN            NaN            NaN
  1887.82        500.000        99.3208       0.679194                 NaN            NaN            NaN            NaN            NaN            NaN            NaN
  1884.62        500.000        99.3207       0.679271                 NaN            NaN            NaN            NaN            NaN            NaN            NaN
  1881.41        500.000        99.3207       0.679348                 NaN            NaN            NaN            NaN            NaN            NaN            NaN
  1878.21        500.000        99.3206       0.679425                 NaN            NaN            NaN            NaN            NaN            NaN            NaN
  1875.00        500.000        99.3205       0.679502                 NaN            NaN            NaN            NaN            NaN            NaN            NaN
  1871.79        500.000        99.3204       0.679579                 NaN            NaN            NaN            NaN            NaN            NaN            NaN
  1868.59        500.000        99.3203       0.679657                 NaN            NaN            NaN            NaN            NaN            NaN            NaN
  1865.38        500.000        99.3203       0.679734                 NaN            NaN            NaN            NaN            NaN            NaN            NaN
  1862.18        500.000        99.3202       0.679811                 NaN            NaN            NaN            NaN            NaN            NaN            NaN
  1858.97        500.000        99.3201       0.679889                 NaN            NaN            NaN            NaN            NaN            NaN            NaN
  1855.77        500.000        99.3200       0.679966                 NaN            NaN            NaN            NaN            NaN            NaN            NaN
  1852.56        500.000        99.3200       0.680044                 NaN            NaN            NaN            NaN            NaN            NaN            NaN
  1849.36        500.000        99.3199       0.680121                 NaN            NaN            NaN            NaN            NaN            NaN            NaN
  1846.15        500.000        99.3198       0.680199                 NaN            NaN            NaN            NaN            NaN            NaN            NaN
  1842.95        500.000        99.3197       0.680277                 NaN            NaN            NaN            NaN            NaN            NaN            NaN
  1839.74        500.000        99.3196       0.680354                 NaN            NaN            NaN            NaN            NaN            NaN            NaN
  1836.54        500.000        99.3196       0.680432                 NaN            NaN            NaN            NaN            NaN            NaN            NaN
  1833.33        500.000        99.3195       0.680510                 NaN            NaN            NaN            NaN            NaN            NaN            NaN
  1830.13        500.000        99.3194       0.680588                 NaN            NaN            NaN            NaN            NaN            NaN            NaN
  1826.92        500.000        99.3193       0.680666                 NaN            NaN            NaN            NaN            NaN            NaN            NaN
  1823.72        500.000        99.3193       0.680744                 NaN            NaN            NaN            NaN            NaN            NaN            NaN
  1820.51        500.000        99.3192       0.680822                 NaN            NaN            NaN            NaN            NaN            NaN            NaN
  1817.31        500.000        99.3191       0.680900                 NaN            NaN            NaN            NaN            NaN            NaN            NaN
  1814.10        500.000        99.3190       0.680978                 NaN            NaN            NaN            NaN            NaN            NaN            NaN
  1810.90        500.000        99.3189       0.681056                 NaN            NaN            NaN            NaN            NaN            NaN            NaN
  1807.69        500.000        99.3189       0.681134                 NaN            NaN            NaN            NaN            NaN            NaN            NaN
  1804.49        500.000        99.3188       0.681212                 NaN            NaN            NaN            NaN            NaN            NaN            NaN
  1801.28        500.000        99.3115       0.681301       0.717688E-002            NaN            NaN            NaN            NaN            NaN            NaN
  1798.08        500.000        99.2979       0.681400       0.206808E-001            NaN            NaN            NaN            NaN            NaN            NaN
  1794.87        500.000        99.2843       0.681498       0.341888E-001            NaN            NaN            NaN            NaN            NaN            NaN
  1791.67        500.000        99.2713       0.681595       0.470634E-001            NaN            NaN            NaN            NaN            NaN            NaN
  1788.46        500.000        99.2584       0.681692       0.599419E-001            NaN            NaN            NaN            NaN            NaN            NaN
  1785.26        500.000        99.2454       0.681790       0.728243E-001            NaN            NaN            NaN            NaN            NaN            NaN
  1782.05        500.000        99.2324       0.681887       0.857105E-001            NaN            NaN            NaN            NaN            NaN            NaN
  1778.85        500.000        99.2194       0.681985       0.986005E-001            NaN            NaN            NaN            NaN            NaN            NaN
  1775.64        500.000        99.2064       0.682082       0.111494                 NaN            NaN            NaN            NaN            NaN            NaN
  1772.44        500.000        99.1934       0.682179       0.124392                 NaN            NaN            NaN            NaN            NaN            NaN
  1769.23        500.000        99.1804       0.682277       0.137294                 NaN            NaN            NaN            NaN            NaN            NaN
  1766.03        500.000        99.1680       0.682373       0.149610                 NaN            NaN            NaN            NaN            NaN            NaN
  1762.82        500.000        99.1556       0.682470       0.161930                 NaN            NaN            NaN            NaN            NaN            NaN
  1759.62        500.000        98.6842       0.682742       0.174184       0.458899                 NaN            NaN            NaN            NaN            NaN
  1756.41        500.000        97.9090       0.683129       0.186434        1.22140                 NaN            NaN            NaN            NaN            NaN
  1753.21        500.000        97.1329       0.683514       0.198354        1.98521                 NaN            NaN            NaN            NaN            NaN
  1750.00        500.000        96.3560       0.683896       0.210286        2.74985                 NaN            NaN            NaN            NaN            NaN
  1746.79        500.000        95.5782       0.684277       0.222232        3.51531                 NaN            NaN            NaN            NaN            NaN
  1743.59        500.000        94.7996       0.684656       0.234190        4.28158                 NaN            NaN            NaN            NaN            NaN
  1740.38        500.000        94.0124       0.685037       0.245448        5.05707                 NaN            NaN            NaN            NaN            NaN
  1737.18        500.000        93.2245       0.685415       0.256718        5.83337                 NaN            NaN            NaN            NaN            NaN
  1733.97        500.000        92.4357       0.685791       0.268000        6.61049                 NaN            NaN            NaN            NaN            NaN
  1730.77        500.000        91.6461       0.686165       0.279293        7.38840                 NaN            NaN            NaN            NaN            NaN
  1727.56        500.000        90.8558       0.686537       0.290598        8.16711                 NaN            NaN            NaN            NaN            NaN
  1724.36        500.000        90.0646       0.686907       0.301914        8.94661                 NaN            NaN            NaN            NaN            NaN
  1721.15        500.000        89.2726       0.687274       0.313241        9.72688                 NaN            NaN            NaN            NaN            NaN
  1717.95        500.000        88.4799       0.687640       0.324579        10.5079                 NaN            NaN            NaN            NaN            NaN
  1714.74        500.000        87.6926       0.688000       0.334978        11.2844                 NaN            NaN            NaN            NaN            NaN
  1711.54        500.000        86.9047       0.688359       0.345386        12.0616                 NaN            NaN            NaN            NaN            NaN
  1708.33        500.000        86.1160       0.688715       0.355804        12.8395                 NaN            NaN            NaN            NaN            NaN
  1705.13        500.000        85.3266       0.689068       0.366232        13.6181                 NaN            NaN            NaN            NaN            NaN
  1701.92        500.000        84.5364       0.689419       0.376669        14.3975                 NaN            NaN            NaN            NaN            NaN
  1698.72        500.000        83.7455       0.689768       0.387115        15.1776                 NaN            NaN            NaN            NaN            NaN
  1695.51        500.000        82.9539       0.690114       0.397570        15.9584                 NaN            NaN            NaN            NaN            NaN
  1692.31        500.000        82.1617       0.690457       0.408034        16.7398                 NaN            NaN            NaN            NaN            NaN
  1689.10        500.000        81.4028       0.690784       0.417688        17.4888                 NaN            NaN            NaN            NaN            NaN
  1685.90        500.000        80.6432       0.691109       0.427348        18.2383                 NaN            NaN            NaN            NaN            NaN
  1682.69        500.000        79.8831       0.691431       0.437016        18.9884                 NaN            NaN            NaN            NaN            NaN
  1679.49        500.000        79.1224       0.691750       0.446692        19.7392                 NaN            NaN            NaN            NaN            NaN
  1676.28        500.000        78.3610       0.692067       0.456374        20.4905                 NaN            NaN            NaN            NaN            NaN
  1673.08        500.000        77.5991       0.692381       0.466064        21.2424                 NaN            NaN            NaN            NaN            NaN
  1669.87        500.000        76.8367       0.692692       0.475760        21.9949                 NaN            NaN            NaN            NaN            NaN
  1666.67        500.000        76.0736       0.693001       0.485464        22.7479                 NaN            NaN            NaN            NaN            NaN
  1663.46        500.000        75.3666       0.693287       0.494361        23.4458                 NaN            NaN            NaN            NaN            NaN
  1660.26        500.000        74.6590       0.693571       0.503263        24.1441                 NaN            NaN            NaN            NaN            NaN
  1657.05        500.000        73.9511       0.693852       0.512171        24.8429                 NaN            NaN            NaN            NaN            NaN
  1653.85        500.000        73.2426       0.694131       0.521085        25.5422                 NaN            NaN            NaN            NaN            NaN
  1650.64        500.000        72.5338       0.694407       0.530003        26.2418                 NaN            NaN            NaN            NaN            NaN
  1647.44        500.000        71.8245       0.694680       0.538926        26.9419                 NaN            NaN            NaN            NaN            NaN
  1644.23        500.000        71.1148       0.694950       0.547854        27.6424                 NaN            NaN            NaN            NaN            NaN
  1641.03        500.000        70.4047       0.695218       0.556787        28.3433                 NaN            NaN            NaN            NaN            NaN
  1637.82        500.000        69.7508       0.695463       0.565145        28.9886                 NaN            NaN            NaN            NaN            NaN
  1634.62        500.000        69.0966       0.695706       0.573508        29.6342                 NaN            NaN            NaN            NaN            NaN
  1631.41        500.000        68.4421       0.695945       0.581874        30.2801                 NaN            NaN            NaN            NaN            NaN
  1628.21        500.000        67.7873       0.696183       0.590243        30.9263                 NaN            NaN            NaN            NaN            NaN
  1625.00        500.000        66.0813       0.697621       0.594840        31.0136        1.61267                 NaN            NaN            NaN            NaN
  1621.79        500.000        64.3484       0.699112       0.598694        31.0498        3.30404                 NaN            NaN            NaN            NaN
  1618.59        500.000        62.7188       0.700519       0.601818        31.0753        4.90355                 NaN            NaN            NaN            NaN
  1615.38        500.000        61.0828       0.701930       0.604953        31.1009        6.50943                 NaN            NaN            NaN            NaN
  1612.18        500.000        59.6975       0.703154       0.605650        31.0972        7.89654                 NaN            NaN            NaN            NaN
  1608.97        500.000        58.3075       0.704381       0.606347        31.0934        9.28843                 NaN            NaN            NaN            NaN
  1605.77        500.000        56.9127       0.705612       0.607046        31.0895        10.6851                 NaN            NaN            NaN            NaN
  1602.56        500.000        55.5132       0.706845       0.607747        31.0856        12.0866                 NaN            NaN            NaN            NaN
  1599.36        500.000        54.1089       0.708082       0.608449        31.0816        13.4930                 NaN            NaN            NaN            NaN
  1596.15        500.000        52.6998       0.709322       0.609152        31.0776        14.9042                 NaN            NaN            NaN            NaN
  1592.95        500.000        51.2858       0.710565       0.609857        31.0735        16.3203                 NaN            NaN            NaN            NaN
  1589.74        500.000        49.8671       0.711810       0.610563        31.0693        17.7412                 NaN            NaN            NaN            NaN
  1586.54        500.000        48.7032       0.712871       0.607198        31.0406        18.9361                 NaN            NaN            NaN            NaN
  1583.33        500.000        47.5360       0.713933       0.603821        31.0118        20.1344                 NaN            NaN            NaN            NaN
  1580.13        500.000        46.3654       0.714998       0.600435        30.9829        21.3362                 NaN            NaN            NaN            NaN
  1576.92        500.000        45.1914       0.716065       0.597037        30.9539        22.5415                 NaN            NaN            NaN            NaN
  1573.72        500.000        44.0141       0.717134       0.593628        30.9248        23.7504                 NaN            NaN            NaN            NaN
  1570.51        500.000        42.8333       0.718205       0.590208        30.8955        24.9628                 NaN            NaN            NaN            NaN
  1567.31        500.000        41.6491       0.719279       0.586777        30.8661        26.1787                 NaN            NaN            NaN            NaN
  1564.10        500.000        40.4615       0.720355       0.583336        30.8366        27.3982                 NaN            NaN            NaN            NaN
  1560.90        500.000        39.3981       0.721339       0.574383        30.8074        28.4988                 NaN            NaN            NaN            NaN
  1557.69        500.000        38.3319       0.722325       0.565406        30.7781        29.6023                 NaN            NaN            NaN            NaN
  1554.49        500.000        37.2629       0.723313       0.556404        30.7486        30.7088                 NaN            NaN            NaN            NaN
  1551.28        500.000        36.1911       0.724304       0.547376        30.7191        31.8181                 NaN            NaN            NaN            NaN
  1548.08        500.000        35.1165       0.725296       0.538323        30.6894        32.9305                 NaN            NaN            NaN            NaN
  1544.87        500.000        34.0390       0.726290       0.529245        30.6597        34.0457                 NaN            NaN            NaN            NaN
  1541.67        500.000        32.9588       0.727286       0.520141        30.6298        35.1640                 NaN            NaN            NaN            NaN
  1538.46        500.000        31.8757       0.728284       0.511012        30.5998        36.2852                 NaN            NaN            NaN            NaN
  1535.26        500.000        30.8124       0.729268       0.497592        30.5813        37.3794                 NaN            NaN            NaN            NaN
  1532.05        500.000        29.6035       0.730383       0.490817        30.5561        37.6866       0.932595                 NaN            NaN            NaN
  1528.85        500.000        28.1803       0.731708       0.491049        30.5330        37.1869        2.87704                 NaN            NaN            NaN
  1525.64        500.000        26.7522       0.733038       0.491282        30.5097        36.6853        4.82850                 NaN            NaN            NaN
  1522.44        500.000        25.1246       0.734596       0.468965        30.5646        37.8119        4.07422        1.22112                 NaN            NaN
  1519.23        500.000        23.5909       0.736070       0.445706        30.6219        38.8815        3.25194        2.47199                 NaN            NaN
  1516.03        500.000        23.5897       0.736091       0.445723        30.6224        38.8821        3.25199        2.47202                 NaN            NaN
  1512.82        500.000        20.8601       0.738706       0.406091        30.7097        40.3379        2.47595        4.47157                 NaN            NaN
  1509.62        500.000        20.8591       0.738726       0.406106        30.7101        40.3384        2.47598        4.47163                 NaN            NaN
  1506.41        500.000        20.8580       0.738746       0.406121        30.7105        40.3389        2.47601        4.47168                 NaN            NaN
  1503.21        500.000        20.8569       0.738766       0.406137        30.7109        40.3394        2.47605        4.47173                 NaN            NaN
  1500.00        500.000        20.8559       0.738786       0.406152        30.7114        40.3400        2.47608        4.47178                 NaN            NaN
  1496.79        500.000        20.8548       0.738805       0.406167        30.7118        40.3405        2.47611        4.47183                 NaN            NaN
  1493.59        500.000        20.8538       0.738825       0.406182        30.7122        40.3410        2.47615        4.47188                 NaN            NaN
  1490.38        500.000        20.8527       0.738845       0.406197        30.7126        40.3415        2.47618        4.47193                 NaN            NaN
  1487.18        500.000        13.0206       0.746403       0.312554        30.8072        41.2482        9.09419        4.77085                 NaN            NaN
  1483.97        500.000        13.0200       0.746419       0.312565        30.8074        41.2485        9.09425        4.77089                 NaN            NaN
  1480.77        500.000        13.0193       0.746434       0.312575        30.8076        41.2488        9.09430        4.77093                 NaN            NaN
  1477.56        500.000        13.0186       0.746450       0.312585        30.8079        41.2491        9.09436        4.77097                 NaN            NaN
  1474.36        500.000        13.0180       0.746466       0.312595        30.8081        41.2494        9.09441        4.77101                 NaN            NaN
  1471.15        500.000        13.0173       0.746481       0.312606        30.8084        41.2498        9.09446        4.77105                 NaN            NaN
  1467.95        500.000        13.0166       0.746497       0.312616        30.8086        41.2501        9.09452        4.77109                 NaN            NaN
  1464.74        500.000        13.0159       0.746512       0.312626        30.8088        41.2504        9.09457        4.77113                 NaN            NaN
  1461.54        500.000        8.30695       0.751272       0.261059        30.7309        41.1239        6.92659        11.8993                 NaN            NaN
  1458.33        500.000        8.30657       0.751285       0.261067        30.7310        41.1241        6.92663        11.8993                 NaN            NaN
  1455.13        500.000        8.30618       0.751298       0.261075        30.7311        41.1243        6.92667        11.8994                 NaN            NaN
  1451.92        500.000        8.30579       0.751311       0.261083        30.7313        41.1244        6.92671        11.8994                 NaN            NaN
  1448.72        500.000        8.30540       0.751323       0.261091        30.7314        41.1246        6.92674        11.8994                 NaN            NaN
  1445.51        500.000        8.30501       0.751336       0.261099        30.7315        41.1248        6.92678        11.8995                 NaN            NaN
  1442.31        500.000        8.30462       0.751349       0.261107        30.7316        41.1250        6.92682        11.8995                 NaN            NaN
  1439.10        500.000        8.30423       0.751361       0.261115        30.7317        41.1252        6.92686        11.8995                 NaN            NaN
  1435.90        500.000        5.45958       0.754468       0.230604        30.6028        41.4568        13.8606        7.63510                 NaN            NaN
  1432.69        500.000        5.45936       0.754479       0.230610        30.6028        41.4569        13.8606        7.63513                 NaN            NaN
  1429.49        500.000        5.45914       0.754490       0.230617        30.6029        41.4570        13.8606        7.63516                 NaN            NaN
  1426.28        500.000        5.45892       0.754501       0.230624        30.6030        41.4572        13.8607        7.63519                 NaN            NaN
  1423.08        500.000        5.45870       0.754512       0.230630        30.6030        41.4573        13.8607        7.63522                 NaN            NaN
  1419.87        500.000        5.45848       0.754523       0.230637        30.6031        41.4574        13.8607        7.63526                 NaN            NaN
  1416.67        500.000        5.45826       0.754534       0.230644        30.6031        41.4575        13.8607        7.63529                 NaN            NaN
  1413.46        500.000        5.45804       0.754545       0.230650        30.6032        41.4576        13.8607        7.63532                 NaN            NaN
  1410.26        500.000        3.60879       0.756768       0.221033        30.4458        41.9254        7.75190        15.2903                 NaN            NaN
  1407.05        500.000        3.60867       0.756778       0.221039        30.4458        41.9255        7.75192        15.2903                 NaN            NaN
  1403.85        500.000        3.60855       0.756788       0.221045        30.4458        41.9255        7.75195        15.2903                 NaN            NaN
  1400.64        500.000        3.60843       0.756798       0.221052        30.4458        41.9256        7.75198        15.2903                 NaN            NaN
  1397.44        500.000        3.60831       0.756808       0.221058        30.4458        41.9257        7.75201        15.2903                 NaN            NaN
  1394.23        500.000        3.60819       0.756818       0.221064        30.4458        41.9257        7.75203        15.2903                 NaN            NaN
  1391.03        500.000        3.60807       0.756827       0.221070        30.4459        41.9258        7.75206        15.2903                 NaN            NaN
  1387.82        500.000        3.60795       0.756837       0.221076        30.4459        41.9259        7.75209        15.2903                 NaN            NaN
  1384.62        500.000        2.28837       0.758593       0.231189        30.2641        42.3730        7.70468        16.3800                 NaN            NaN
  1381.41        500.000        2.28831       0.758602       0.231196        30.2641        42.3731        7.70470        16.3800                 NaN            NaN
  1378.21        500.000        2.28825       0.758611       0.231202        30.2641        42.3731        7.70473        16.3800                 NaN            NaN
  1375.00        500.000        2.28819       0.758620       0.231208        30.2641        42.3732        7.70475        16.3800                 NaN            NaN
  1371.79        500.000        2.28813       0.758629       0.231215        30.2641        42.3732        7.70478        16.3800                 NaN            NaN
  1368.59        500.000        2.28807       0.758638       0.231221        30.2640        42.3733        7.70480        16.3800                 NaN            NaN
  1365.38        500.000        2.28801       0.758647       0.231227        30.2640        42.3733        7.70483        16.3800                 NaN            NaN
  1362.18        500.000        2.28795       0.758656       0.231234        30.2640        42.3734        7.70485        16.3799                 NaN            NaN
  1358.97        500.000        1.25938       0.760161       0.254943        30.0639        42.7930        17.2658        7.60283                 NaN            NaN
  1355.77        500.000        1.25936       0.760170       0.254950        30.0639        42.7930        17.2658        7.60285                 NaN            NaN
  1352.56        500.000        1.25933       0.760179       0.254957        30.0638        42.7931        17.2657        7.60288                 NaN            NaN
  1349.36        500.000        1.25930       0.760187       0.254964        30.0638        42.7931        17.2657        7.60290                 NaN            NaN
  1346.15        500.000        1.25928       0.760196       0.254971        30.0638        42.7932        17.2657        7.60292                 NaN            NaN
  1342.95        500.000        1.25925       0.760204       0.254977        30.0637        42.7932        17.2657        7.60295                 NaN            NaN
  1339.74        500.000        1.25922       0.760213       0.254984        30.0637        42.7932        17.2657        7.60297                 NaN            NaN
  1336.54        500.000        1.25920       0.760221       0.254991        30.0636        42.7933        17.2657        7.60300                 NaN            NaN
  1333.33        500.000       0.391247       0.761610       0.288028        29.8500        43.2340        7.47801        17.9971                 NaN            NaN
  1330.13        500.000       0.391241       0.761618       0.288036        29.8500        43.2340        7.47803        17.9971                 NaN            NaN
  1326.92        500.000       0.190846       0.761953       0.299723        29.7893        43.3322        7.45984        18.1662                 NaN            NaN
  1323.72        500.000       0.907180E-001  0.762135       0.303736        29.7638        43.3899        18.2482        7.44153                 NaN            NaN
  1320.51        500.000                 NaN  0.762291       0.310626        29.7323        43.4279        18.3274        7.43937                 NaN            NaN
  1317.31        500.000                 NaN  0.762299       0.310634        29.7323        43.4280        18.3274        7.43939                 NaN            NaN
  1314.10        500.000                 NaN  0.762307       0.310643        29.7322        43.4280        18.3274        7.43942                 NaN            NaN
  1310.90        500.000                 NaN  0.762314       0.310651        29.7322        43.4280        18.3274        7.43944                 NaN            NaN
  1307.69        500.000                 NaN  0.762356       0.333014        29.7134        43.6152        7.20831        18.3677                 NaN            NaN
  1304.49        500.000                 NaN  0.762363       0.333023        29.7133        43.6153        7.20833        18.3677                 NaN            NaN
  1301.28        500.000                 NaN  0.762371       0.333032        29.7132        43.6153        7.20836        18.3677                 NaN            NaN
  1298.08        500.000                 NaN  0.762379       0.333041        29.7132        43.6153        7.20838        18.3677                 NaN            NaN
  1294.87        500.000                 NaN  0.762387       0.333050        29.7131        43.6154        7.20841        18.3677                 NaN            NaN
  1291.67        500.000                 NaN  0.762394       0.333059        29.7131        43.6154        7.20844        18.3676                 NaN            NaN
  1288.46        500.000                 NaN  0.762402       0.333068        29.7130        43.6155        7.20846        18.3676                 NaN            NaN
  1285.26        500.000                 NaN  0.762409       0.333077        29.7129        43.6155        7.20849        18.3676                 NaN            NaN
  1282.05        500.000                 NaN  0.762482       0.379631        29.6727        43.9488        18.4392        6.79714                 NaN            NaN
  1278.85        500.000                 NaN  0.762489       0.379641        29.6727        43.9488        18.4392        6.79716                 NaN            NaN
  1275.64        500.000                 NaN  0.762497       0.379652        29.6726        43.9489        18.4392        6.79719                 NaN            NaN
  1272.44        500.000                 NaN  0.762504       0.379662        29.6725        43.9489        18.4392        6.79722                 NaN            NaN
  1269.23        500.000                 NaN  0.762542       0.405284        29.6492        44.0968        6.60922        18.4770                 NaN            NaN
  1266.03        500.000                 NaN  0.762546       0.411174        29.6485        44.1197        18.4724        6.57619       0.954866E-002            NaN
  1262.82        500.000                 NaN  0.762536       0.416740        29.6513        44.1352        18.4606        6.54599       0.276619E-001            NaN
  1259.62        500.000                 NaN  0.762543       0.416751        29.6512        44.1352        18.4606        6.54602       0.276636E-001            NaN
  1256.41        500.000                 NaN  0.762517       0.427850        29.6566        44.1686        18.4368        6.48428       0.634254E-001            NaN
  1253.21        500.000                 NaN  0.762524       0.427861        29.6565        44.1687        18.4367        6.48431       0.634292E-001            NaN
  1250.00        500.000                 NaN  0.762532       0.427872        29.6564        44.1687        18.4367        6.48433       0.634329E-001            NaN
  1246.79        500.000                 NaN  0.762539       0.427884        29.6564        44.1687        18.4367        6.48436       0.634366E-001            NaN
  1243.59        500.000                 NaN  0.762546       0.427895        29.6563        44.1688        18.4366        6.48439       0.634404E-001            NaN
  1240.38        500.000                 NaN  0.762553       0.427906        29.6562        44.1688        18.4366        6.48442       0.634441E-001            NaN
  1237.18        500.000                 NaN  0.762560       0.427917        29.6561        44.1689        18.4366        6.48444       0.634479E-001            NaN
  1233.97        500.000                 NaN  0.762567       0.427928        29.6561        44.1689        18.4366        6.48447       0.634516E-001            NaN
