|6.6.6
Archiving\03_Data\eqLP/QFM_m3/GRV/GRV_1.tab                               
           1
T(K)    
  0.000000000000000E+000
  0.000000000000000E+000
           0
          11
T(K)           P(bar)         melt(TH)       pxmn           Sp(TH)         O(HP)          Opx(TH)        Cpx(TH)        Cpx(TH)        an             ab            
  2000.00        500.000        99.1675       0.832477                 NaN            NaN            NaN            NaN            NaN            NaN            NaN
  1996.79        500.000        99.1675       0.832476                 NaN            NaN            NaN            NaN            NaN            NaN            NaN
  1993.59        500.000        99.1675       0.832476                 NaN            NaN            NaN            NaN            NaN            NaN            NaN
  1990.38        500.000        99.1675       0.832475                 NaN            NaN            NaN            NaN            NaN            NaN            NaN
  1987.18        500.000        99.1675       0.832474                 NaN            NaN            NaN            NaN            NaN            NaN            NaN
  1983.97        500.000        99.1675       0.832474                 NaN            NaN            NaN            NaN            NaN            NaN            NaN
  1980.77        500.000        99.1675       0.832473                 NaN            NaN            NaN            NaN            NaN            NaN            NaN
  1977.56        500.000        99.1675       0.832472                 NaN            NaN            NaN            NaN            NaN            NaN            NaN
  1974.36        500.000        99.1675       0.832472                 NaN            NaN            NaN            NaN            NaN            NaN            NaN
  1971.15        500.000        99.1675       0.832471                 NaN            NaN            NaN            NaN            NaN            NaN            NaN
  1967.95        500.000        99.1675       0.832470                 NaN            NaN            NaN            NaN            NaN            NaN            NaN
  1964.74        500.000        99.1675       0.832470                 NaN            NaN            NaN            NaN            NaN            NaN            NaN
  1961.54        500.000        99.1675       0.832469                 NaN            NaN            NaN            NaN            NaN            NaN            NaN
  1958.33        500.000        99.1675       0.832468                 NaN            NaN            NaN            NaN            NaN            NaN            NaN
  1955.13        500.000        99.1675       0.832468                 NaN            NaN            NaN            NaN            NaN            NaN            NaN
  1951.92        500.000        99.1675       0.832467                 NaN            NaN            NaN            NaN            NaN            NaN            NaN
  1948.72        500.000        99.1675       0.832466                 NaN            NaN            NaN            NaN            NaN            NaN            NaN
  1945.51        500.000        99.1675       0.832465                 NaN            NaN            NaN            NaN            NaN            NaN            NaN
  1942.31        500.000        99.1675       0.832465                 NaN            NaN            NaN            NaN            NaN            NaN            NaN
  1939.10        500.000        99.1675       0.832464                 NaN            NaN            NaN            NaN            NaN            NaN            NaN
  1935.90        500.000        99.1675       0.832463                 NaN            NaN            NaN            NaN            NaN            NaN            NaN
  1932.69        500.000        99.1675       0.832462                 NaN            NaN            NaN            NaN            NaN            NaN            NaN
  1929.49        500.000        99.1675       0.832461                 NaN            NaN            NaN            NaN            NaN            NaN            NaN
  1926.28        500.000        99.1675       0.832461                 NaN            NaN            NaN            NaN            NaN            NaN            NaN
  1923.08        500.000        99.1675       0.832460                 NaN            NaN            NaN            NaN            NaN            NaN            NaN
  1919.87        500.000        99.1675       0.832459                 NaN            NaN            NaN            NaN            NaN            NaN            NaN
  1916.67        500.000        99.1675       0.832458                 NaN            NaN            NaN            NaN            NaN            NaN            NaN
  1913.46        500.000        99.1675       0.832457                 NaN            NaN            NaN            NaN            NaN            NaN            NaN
  1910.26        500.000        99.1675       0.832457                 NaN            NaN            NaN            NaN            NaN            NaN            NaN
  1907.05        500.000        99.1675       0.832456                 NaN            NaN            NaN            NaN            NaN            NaN            NaN
  1903.85        500.000        99.1675       0.832455                 NaN            NaN            NaN            NaN            NaN            NaN            NaN
  1900.64        500.000        99.1675       0.832454                 NaN            NaN            NaN            NaN            NaN            NaN            NaN
  1897.44        500.000        99.1675       0.832453                 NaN            NaN            NaN            NaN            NaN            NaN            NaN
  1894.23        500.000        99.1675       0.832452                 NaN            NaN            NaN            NaN            NaN            NaN            NaN
  1891.03        500.000        99.1675       0.832451                 NaN            NaN            NaN            NaN            NaN            NaN            NaN
  1887.82        500.000        99.1675       0.832450                 NaN            NaN            NaN            NaN            NaN            NaN            NaN
  1884.62        500.000        99.1676       0.832449                 NaN            NaN            NaN            NaN            NaN            NaN            NaN
  1881.41        500.000        99.1676       0.832449                 NaN            NaN            NaN            NaN            NaN            NaN            NaN
  1878.21        500.000        99.1676       0.832448                 NaN            NaN            NaN            NaN            NaN            NaN            NaN
  1875.00        500.000        99.1676       0.832447                 NaN            NaN            NaN            NaN            NaN            NaN            NaN
  1871.79        500.000        99.1676       0.832446                 NaN            NaN            NaN            NaN            NaN            NaN            NaN
  1868.59        500.000        99.1676       0.832445                 NaN            NaN            NaN            NaN            NaN            NaN            NaN
  1865.38        500.000        99.1676       0.832444                 NaN            NaN            NaN            NaN            NaN            NaN            NaN
  1862.18        500.000        99.1676       0.832443                 NaN            NaN            NaN            NaN            NaN            NaN            NaN
  1858.97        500.000        99.1676       0.832442                 NaN            NaN            NaN            NaN            NaN            NaN            NaN
  1855.77        500.000        99.1676       0.832441                 NaN            NaN            NaN            NaN            NaN            NaN            NaN
  1852.56        500.000        99.1676       0.832440                 NaN            NaN            NaN            NaN            NaN            NaN            NaN
  1849.36        500.000        99.1676       0.832439                 NaN            NaN            NaN            NaN            NaN            NaN            NaN
  1846.15        500.000        99.1676       0.832438                 NaN            NaN            NaN            NaN            NaN            NaN            NaN
  1842.95        500.000        99.1676       0.832437                 NaN            NaN            NaN            NaN            NaN            NaN            NaN
  1839.74        500.000        99.1676       0.832436                 NaN            NaN            NaN            NaN            NaN            NaN            NaN
  1836.54        500.000        99.1676       0.832434                 NaN            NaN            NaN            NaN            NaN            NaN            NaN
  1833.33        500.000        99.1676       0.832433                 NaN            NaN            NaN            NaN            NaN            NaN            NaN
  1830.13        500.000        99.1676       0.832432                 NaN            NaN            NaN            NaN            NaN            NaN            NaN
  1826.92        500.000        99.1676       0.832431                 NaN            NaN            NaN            NaN            NaN            NaN            NaN
  1823.72        500.000        99.1676       0.832430                 NaN            NaN            NaN            NaN            NaN            NaN            NaN
  1820.51        500.000        99.1676       0.832429                 NaN            NaN            NaN            NaN            NaN            NaN            NaN
  1817.31        500.000        99.1676       0.832428                 NaN            NaN            NaN            NaN            NaN            NaN            NaN
  1814.10        500.000        99.1676       0.832427                 NaN            NaN            NaN            NaN            NaN            NaN            NaN
  1810.90        500.000        99.1676       0.832425                 NaN            NaN            NaN            NaN            NaN            NaN            NaN
  1807.69        500.000        99.1676       0.832424                 NaN            NaN            NaN            NaN            NaN            NaN            NaN
  1804.49        500.000        99.1676       0.832423                 NaN            NaN            NaN            NaN            NaN            NaN            NaN
  1801.28        500.000        99.1566       0.832422       0.109805E-001            NaN            NaN            NaN            NaN            NaN            NaN
  1798.08        500.000        99.1359       0.832420       0.316403E-001            NaN            NaN            NaN            NaN            NaN            NaN
  1794.87        500.000        99.1153       0.832419       0.523000E-001            NaN            NaN            NaN            NaN            NaN            NaN
  1791.67        500.000        99.0956       0.832417       0.720040E-001            NaN            NaN            NaN            NaN            NaN            NaN
  1788.46        500.000        99.0759       0.832415       0.917079E-001            NaN            NaN            NaN            NaN            NaN            NaN
  1785.26        500.000        99.0562       0.832414       0.111412                 NaN            NaN            NaN            NaN            NaN            NaN
  1782.05        500.000        99.0365       0.832412       0.131115                 NaN            NaN            NaN            NaN            NaN            NaN
  1778.85        500.000        99.0168       0.832410       0.150819                 NaN            NaN            NaN            NaN            NaN            NaN
  1775.64        500.000        98.9971       0.832409       0.170523                 NaN            NaN            NaN            NaN            NaN            NaN
  1772.44        500.000        98.9774       0.832407       0.190226                 NaN            NaN            NaN            NaN            NaN            NaN
  1769.23        500.000        98.9577       0.832405       0.209930                 NaN            NaN            NaN            NaN            NaN            NaN
  1766.03        500.000        98.9389       0.832404       0.228742                 NaN            NaN            NaN            NaN            NaN            NaN
  1762.82        500.000        98.9200       0.832402       0.247555                 NaN            NaN            NaN            NaN            NaN            NaN
  1759.62        500.000        98.3932       0.832404       0.266256       0.508103                 NaN            NaN            NaN            NaN            NaN
  1756.41        500.000        97.5301       0.832408       0.284939        1.35251                 NaN            NaN            NaN            NaN            NaN
  1753.21        500.000        96.6650       0.832412       0.303095        2.19948                 NaN            NaN            NaN            NaN            NaN
  1750.00        500.000        95.7999       0.832416       0.321252        3.04647                 NaN            NaN            NaN            NaN            NaN
  1746.79        500.000        94.9347       0.832420       0.339408        3.89347                 NaN            NaN            NaN            NaN            NaN
  1743.59        500.000        94.0695       0.832425       0.357565        4.74047                 NaN            NaN            NaN            NaN            NaN
  1740.38        500.000        93.1906       0.832429       0.374702        5.60225                 NaN            NaN            NaN            NaN            NaN
  1737.18        500.000        92.3117       0.832434       0.391840        6.46404                 NaN            NaN            NaN            NaN            NaN
  1733.97        500.000        91.4327       0.832438       0.408977        7.32584                 NaN            NaN            NaN            NaN            NaN
  1730.77        500.000        90.5538       0.832443       0.426115        8.18765                 NaN            NaN            NaN            NaN            NaN
  1727.56        500.000        89.6748       0.832448       0.443252        9.04947                 NaN            NaN            NaN            NaN            NaN
  1724.36        500.000        88.7959       0.832452       0.460390        9.91130                 NaN            NaN            NaN            NaN            NaN
  1721.15        500.000        87.9169       0.832457       0.477529        10.7731                 NaN            NaN            NaN            NaN            NaN
  1717.95        500.000        87.0379       0.832462       0.494667        11.6350                 NaN            NaN            NaN            NaN            NaN
  1714.74        500.000        86.1602       0.832467       0.510396        12.4969                 NaN            NaN            NaN            NaN            NaN
  1711.54        500.000        85.2826       0.832472       0.526126        13.3588                 NaN            NaN            NaN            NaN            NaN
  1708.33        500.000        84.4049       0.832477       0.541856        14.2207                 NaN            NaN            NaN            NaN            NaN
  1705.13        500.000        83.5273       0.832482       0.557586        15.0827                 NaN            NaN            NaN            NaN            NaN
  1701.92        500.000        82.6496       0.832487       0.573316        15.9446                 NaN            NaN            NaN            NaN            NaN
  1698.72        500.000        81.7719       0.832492       0.589046        16.8066                 NaN            NaN            NaN            NaN            NaN
  1695.51        500.000        80.8942       0.832497       0.604777        17.6686                 NaN            NaN            NaN            NaN            NaN
  1692.31        500.000        80.0165       0.832502       0.620508        18.5305                 NaN            NaN            NaN            NaN            NaN
  1689.10        500.000        79.1731       0.832507       0.635002        19.3594                 NaN            NaN            NaN            NaN            NaN
  1685.90        500.000        78.3298       0.832512       0.649497        20.1882                 NaN            NaN            NaN            NaN            NaN
  1682.69        500.000        77.4865       0.832517       0.663992        21.0170                 NaN            NaN            NaN            NaN            NaN
  1679.49        500.000        76.6431       0.832522       0.678487        21.8459                 NaN            NaN            NaN            NaN            NaN
  1676.28        500.000        75.7998       0.832527       0.692982        22.6747                 NaN            NaN            NaN            NaN            NaN
  1673.08        500.000        74.9564       0.832532       0.707477        23.5036                 NaN            NaN            NaN            NaN            NaN
  1669.87        500.000        74.1130       0.832537       0.721973        24.3325                 NaN            NaN            NaN            NaN            NaN
  1666.67        500.000        73.2696       0.832542       0.736468        25.1614                 NaN            NaN            NaN            NaN            NaN
  1663.46        500.000        72.4858       0.832547       0.749729        25.9319                 NaN            NaN            NaN            NaN            NaN
  1660.26        500.000        71.7020       0.832552       0.762990        26.7025                 NaN            NaN            NaN            NaN            NaN
  1657.05        500.000        70.9181       0.832557       0.776252        27.4730                 NaN            NaN            NaN            NaN            NaN
  1653.85        500.000        70.1343       0.832562       0.789513        28.2436                 NaN            NaN            NaN            NaN            NaN
  1650.64        500.000        69.3504       0.832567       0.802775        29.0142                 NaN            NaN            NaN            NaN            NaN
  1647.44        500.000        68.5666       0.832572       0.816037        29.7848                 NaN            NaN            NaN            NaN            NaN
  1644.23        500.000        67.7827       0.832577       0.829298        30.5554                 NaN            NaN            NaN            NaN            NaN
  1641.03        500.000        66.9988       0.832582       0.842561        31.3260                 NaN            NaN            NaN            NaN            NaN
  1637.82        500.000        66.2769       0.832587       0.854937        32.0356                 NaN            NaN            NaN            NaN            NaN
  1634.62        500.000        65.5549       0.832591       0.867314        32.7452                 NaN            NaN            NaN            NaN            NaN
  1631.41        500.000        64.8329       0.832596       0.879691        33.4548                 NaN            NaN            NaN            NaN            NaN
  1628.21        500.000        64.1109       0.832601       0.892068        34.1644                 NaN            NaN            NaN            NaN            NaN
  1625.00        500.000        62.3463       0.832607       0.897269        34.2037        1.72020                 NaN            NaN            NaN            NaN
  1621.79        500.000        60.5644       0.832613       0.901140        34.1843        3.51754                 NaN            NaN            NaN            NaN
  1618.59        500.000        58.8977       0.832619       0.903996        34.1546        5.21112                 NaN            NaN            NaN            NaN
  1615.38        500.000        57.2310       0.832624       0.906851        34.1248        6.90472                 NaN            NaN            NaN            NaN
  1612.18        500.000        55.8242       0.832629       0.906289        34.0720        8.36483                 NaN            NaN            NaN            NaN
  1608.97        500.000        54.4175       0.832634       0.905727        34.0192        9.82495                 NaN            NaN            NaN            NaN
  1605.77        500.000        53.0107       0.832639       0.905165        33.9664        11.2851                 NaN            NaN            NaN            NaN
  1602.56        500.000        51.6039       0.832644       0.904603        33.9136        12.7452                 NaN            NaN            NaN            NaN
  1599.36        500.000        50.1971       0.832648       0.904041        33.8608        14.2054                 NaN            NaN            NaN            NaN
  1596.15        500.000        48.7903       0.832653       0.903478        33.8080        15.6656                 NaN            NaN            NaN            NaN
  1592.95        500.000        47.3835       0.832658       0.902916        33.7551        17.1258                 NaN            NaN            NaN            NaN
  1589.74        500.000        45.9766       0.832663       0.902354        33.7023        18.5860                 NaN            NaN            NaN            NaN
  1586.54        500.000        44.8262       0.832667       0.895942        33.6333        19.8119                 NaN            NaN            NaN            NaN
  1583.33        500.000        43.6758       0.832671       0.889531        33.5643        21.0377                 NaN            NaN            NaN            NaN
  1580.13        500.000        42.5253       0.832675       0.883119        33.4953        22.2636                 NaN            NaN            NaN            NaN
  1576.92        500.000        41.3749       0.832679       0.876708        33.4262        23.4895                 NaN            NaN            NaN            NaN
  1573.72        500.000        40.2244       0.832683       0.870296        33.3572        24.7154                 NaN            NaN            NaN            NaN
  1570.51        500.000        39.0739       0.832687       0.863884        33.2882        25.9413                 NaN            NaN            NaN            NaN
  1567.31        500.000        37.9234       0.832691       0.857472        33.2192        27.1672                 NaN            NaN            NaN            NaN
  1564.10        500.000        36.7729       0.832695       0.851061        33.1502        28.3932                 NaN            NaN            NaN            NaN
  1560.90        500.000        35.7477       0.832699       0.836673        33.0845        29.4984                 NaN            NaN            NaN            NaN
  1557.69        500.000        34.7225       0.832703       0.822285        33.0189        30.6037                 NaN            NaN            NaN            NaN
  1554.49        500.000        33.6972       0.832706       0.807897        32.9533        31.7089                 NaN            NaN            NaN            NaN
  1551.28        500.000        32.6720       0.832710       0.793509        32.8876        32.8142                 NaN            NaN            NaN            NaN
  1548.08        500.000        31.6467       0.832713       0.779121        32.8220        33.9194                 NaN            NaN            NaN            NaN
  1544.87        500.000        30.6215       0.832717       0.764733        32.7564        35.0247                 NaN            NaN            NaN            NaN
  1541.67        500.000        29.5962       0.832720       0.750344        32.6907        36.1300                 NaN            NaN            NaN            NaN
  1538.46        500.000        28.5709       0.832724       0.735956        32.6251        37.2353                 NaN            NaN            NaN            NaN
  1535.26        500.000        27.5680       0.832727       0.715387        32.5718        38.3120                 NaN            NaN            NaN            NaN
  1532.05        500.000        26.4330       0.832731       0.704146        32.5041        38.5762       0.949747                 NaN            NaN            NaN
  1528.85        500.000        25.1002       0.832736       0.702481        32.4339        38.0049        2.92574                 NaN            NaN            NaN
  1525.64        500.000        23.7674       0.832741       0.700815        32.3637        37.4336        4.90175                 NaN            NaN            NaN
  1522.44        500.000        22.2488       0.832746       0.666877        32.3725        38.5181        4.12859        1.23244                 NaN            NaN
  1519.23        500.000        20.8237       0.832750       0.631843        32.3868        39.5448        3.28978        2.49031                 NaN            NaN
  1516.03        500.000        20.8237       0.832750       0.631843        32.3868        39.5448        3.28978        2.49031                 NaN            NaN
  1512.82        500.000        18.2991       0.832758       0.572370        32.3954        40.9132        2.49733        4.48991                 NaN            NaN
  1509.62        500.000        18.2991       0.832758       0.572370        32.3954        40.9132        2.49733        4.48991                 NaN            NaN
  1506.41        500.000        18.2991       0.832758       0.572370        32.3954        40.9132        2.49733        4.48991                 NaN            NaN
  1503.21        500.000        18.2991       0.832758       0.572370        32.3954        40.9132        2.49733        4.48991                 NaN            NaN
  1500.00        500.000        18.2991       0.832758       0.572370        32.3954        40.9132        2.49733        4.48991                 NaN            NaN
  1496.79        500.000        18.2991       0.832758       0.572370        32.3954        40.9132        2.49733        4.48991                 NaN            NaN
  1493.59        500.000        18.2991       0.832758       0.572370        32.3954        40.9132        2.49733        4.48991                 NaN            NaN
  1490.38        500.000        18.2991       0.832758       0.572370        32.3954        40.9132        2.49733        4.48991                 NaN            NaN
  1487.18        500.000        11.1597       0.832777       0.431430        32.2520        41.5083        9.04406        4.77175                 NaN            NaN
  1483.97        500.000        11.1597       0.832777       0.431430        32.2520        41.5083        9.04406        4.77175                 NaN            NaN
  1480.77        500.000        11.1597       0.832777       0.431430        32.2520        41.5083        9.04406        4.77175                 NaN            NaN
  1477.56        500.000        11.1597       0.832777       0.431430        32.2520        41.5083        9.04406        4.77175                 NaN            NaN
  1474.36        500.000        11.1597       0.832777       0.431430        32.2520        41.5083        9.04406        4.77175                 NaN            NaN
  1471.15        500.000        11.1597       0.832777       0.431430        32.2520        41.5083        9.04406        4.77175                 NaN            NaN
  1467.95        500.000        11.1597       0.832777       0.431430        32.2520        41.5083        9.04406        4.77175                 NaN            NaN
  1464.74        500.000        11.1597       0.832777       0.431430        32.2520        41.5083        9.04406        4.77175                 NaN            NaN
  1461.54        500.000        6.95765       0.832785       0.354419        32.0102        41.1927        6.89101        11.7613                 NaN            NaN
  1458.33        500.000        6.95765       0.832785       0.354419        32.0102        41.1927        6.89101        11.7613                 NaN            NaN
  1455.13        500.000        6.95765       0.832785       0.354419        32.0102        41.1927        6.89101        11.7613                 NaN            NaN
  1451.92        500.000        6.95765       0.832785       0.354419        32.0102        41.1927        6.89101        11.7613                 NaN            NaN
  1448.72        500.000        6.95765       0.832785       0.354419        32.0102        41.1927        6.89101        11.7613                 NaN            NaN
  1445.51        500.000        6.95765       0.832785       0.354419        32.0102        41.1927        6.89101        11.7613                 NaN            NaN
  1442.31        500.000        6.95765       0.832785       0.354419        32.0102        41.1927        6.89101        11.7613                 NaN            NaN
  1439.10        500.000        6.95765       0.832785       0.354419        32.0102        41.1927        6.89101        11.7613                 NaN            NaN
  1435.90        500.000        4.47299       0.832785       0.309069        31.7707        41.4034        13.6428        7.56832                 NaN            NaN
  1432.69        500.000        4.47299       0.832785       0.309069        31.7707        41.4034        13.6428        7.56832                 NaN            NaN
  1429.49        500.000        4.47299       0.832785       0.309069        31.7707        41.4034        13.6428        7.56832                 NaN            NaN
  1426.28        500.000        4.47299       0.832785       0.309069        31.7707        41.4034        13.6428        7.56832                 NaN            NaN
  1423.08        500.000        4.47299       0.832785       0.309069        31.7707        41.4034        13.6428        7.56832                 NaN            NaN
  1419.87        500.000        4.47299       0.832785       0.309069        31.7707        41.4034        13.6428        7.56832                 NaN            NaN
  1416.67        500.000        4.47299       0.832785       0.309069        31.7707        41.4034        13.6428        7.56832                 NaN            NaN
  1413.46        500.000        4.47299       0.832785       0.309069        31.7707        41.4034        13.6428        7.56832                 NaN            NaN
  1410.26        500.000        2.89710       0.832784       0.293180        31.5331        41.7805        7.66141        15.0019                 NaN            NaN
  1407.05        500.000        2.89710       0.832784       0.293180        31.5331        41.7805        7.66141        15.0019                 NaN            NaN
  1403.85        500.000        2.89710       0.832784       0.293180        31.5331        41.7805        7.66141        15.0019                 NaN            NaN
  1400.64        500.000        2.89710       0.832784       0.293180        31.5331        41.7805        7.66141        15.0019                 NaN            NaN
  1397.44        500.000        2.89710       0.832784       0.293180        31.5331        41.7805        7.66141        15.0019                 NaN            NaN
  1394.23        500.000        2.89710       0.832784       0.293180        31.5331        41.7805        7.66141        15.0019                 NaN            NaN
  1391.03        500.000        2.89710       0.832784       0.293180        31.5331        41.7805        7.66141        15.0019                 NaN            NaN
  1387.82        500.000        2.89710       0.832784       0.293180        31.5331        41.7805        7.66141        15.0019                 NaN            NaN
  1384.62        500.000        1.80351       0.832782       0.303840        31.2824        42.1532        7.59545        16.0289                 NaN            NaN
  1381.41        500.000        1.80351       0.832782       0.303840        31.2824        42.1532        7.59545        16.0289                 NaN            NaN
  1378.21        500.000        1.80351       0.832782       0.303840        31.2824        42.1532        7.59545        16.0289                 NaN            NaN
  1375.00        500.000        1.80351       0.832782       0.303840        31.2824        42.1532        7.59545        16.0289                 NaN            NaN
  1371.79        500.000        1.80351       0.832782       0.303840        31.2824        42.1532        7.59545        16.0289                 NaN            NaN
  1368.59        500.000        1.80351       0.832782       0.303840        31.2824        42.1532        7.59545        16.0289                 NaN            NaN
  1365.38        500.000        1.80351       0.832782       0.303840        31.2824        42.1532        7.59545        16.0289                 NaN            NaN
  1362.18        500.000        1.80351       0.832782       0.303840        31.2824        42.1532        7.59545        16.0289                 NaN            NaN
  1358.97        500.000       0.976400       0.832778       0.332504        31.0192        42.5049        16.8568        7.47737                 NaN            NaN
  1355.77        500.000       0.976400       0.832778       0.332504        31.0192        42.5049        16.8568        7.47737                 NaN            NaN
  1352.56        500.000       0.976400       0.832778       0.332504        31.0192        42.5049        16.8568        7.47737                 NaN            NaN
  1349.36        500.000       0.976400       0.832778       0.332504        31.0192        42.5049        16.8568        7.47737                 NaN            NaN
  1346.15        500.000       0.976400       0.832778       0.332504        31.0192        42.5049        16.8568        7.47737                 NaN            NaN
  1342.95        500.000       0.976400       0.832778       0.332504        31.0192        42.5049        16.8568        7.47737                 NaN            NaN
  1339.74        500.000       0.976400       0.832778       0.332504        31.0192        42.5049        16.8568        7.47737                 NaN            NaN
  1336.54        500.000       0.976400       0.832778       0.332504        31.0192        42.5049        16.8568        7.47737                 NaN            NaN
  1333.33        500.000       0.298925       0.832775       0.372988        30.7548        42.8734        7.33627        17.5309                 NaN            NaN
  1330.13        500.000       0.298925       0.832775       0.372988        30.7548        42.8734        7.33627        17.5309                 NaN            NaN
  1326.92        500.000       0.145337       0.832773       0.387496        30.6705        42.9613        7.31491        17.6877                 NaN            NaN
  1323.72        500.000       0.689677E-001  0.832774       0.392293        30.6476        43.0032        17.7614        7.29383                 NaN            NaN
  1320.51        500.000                 NaN  0.832773       0.400955        30.5996        43.0397        17.8359        7.29103                 NaN            NaN
  1317.31        500.000                 NaN  0.832773       0.400955        30.5996        43.0397        17.8359        7.29103                 NaN            NaN
  1314.10        500.000                 NaN  0.832773       0.400955        30.5996        43.0397        17.8359        7.29103                 NaN            NaN
  1310.90        500.000                 NaN  0.832773       0.400955        30.5996        43.0397        17.8359        7.29103                 NaN            NaN
  1307.69        500.000                 NaN  0.832774       0.429497        30.5822        43.2246        7.06272        17.8682                 NaN            NaN
  1304.49        500.000                 NaN  0.832774       0.429497        30.5822        43.2246        7.06272        17.8682                 NaN            NaN
  1301.28        500.000                 NaN  0.832774       0.429497        30.5822        43.2246        7.06272        17.8682                 NaN            NaN
  1298.08        500.000                 NaN  0.832774       0.429497        30.5822        43.2246        7.06272        17.8682                 NaN            NaN
  1294.87        500.000                 NaN  0.832774       0.429497        30.5822        43.2246        7.06272        17.8682                 NaN            NaN
  1291.67        500.000                 NaN  0.832774       0.429497        30.5822        43.2246        7.06272        17.8682                 NaN            NaN
  1288.46        500.000                 NaN  0.832774       0.429497        30.5822        43.2246        7.06272        17.8682                 NaN            NaN
  1285.26        500.000                 NaN  0.832774       0.429497        30.5822        43.2246        7.06272        17.8682                 NaN            NaN
  1282.05        500.000                 NaN  0.832777       0.489124        30.5421        43.5543        17.9243        6.65743                 NaN            NaN
  1278.85        500.000                 NaN  0.832777       0.489124        30.5421        43.5543        17.9243        6.65743                 NaN            NaN
  1275.64        500.000                 NaN  0.832777       0.489124        30.5421        43.5543        17.9243        6.65743                 NaN            NaN
  1272.44        500.000                 NaN  0.832777       0.489124        30.5421        43.5543        17.9243        6.65743                 NaN            NaN
  1269.23        500.000                 NaN  0.832778       0.521801        30.5164        43.7020        6.47182        17.9552                 NaN            NaN
  1266.03        500.000                 NaN  0.832778       0.529373        30.5177        43.7242        17.9489        6.43937       0.774232E-002            NaN
  1262.82        500.000                 NaN  0.832779       0.536559        30.5215        43.7407        17.9364        6.40960       0.224282E-001            NaN
  1259.62        500.000                 NaN  0.832779       0.536559        30.5215        43.7407        17.9364        6.40960       0.224282E-001            NaN
  1256.41        500.000                 NaN  0.832780       0.550924        30.5287        43.7768        17.9106        6.34872       0.514215E-001            NaN
  1253.21        500.000                 NaN  0.832780       0.550924        30.5287        43.7768        17.9106        6.34872       0.514215E-001            NaN
  1250.00        500.000                 NaN  0.832780       0.550924        30.5287        43.7768        17.9106        6.34872       0.514215E-001            NaN
  1246.79        500.000                 NaN  0.832780       0.550924        30.5287        43.7768        17.9106        6.34872       0.514215E-001            NaN
  1243.59        500.000                 NaN  0.832780       0.550924        30.5287        43.7768        17.9106        6.34872       0.514215E-001            NaN
  1240.38        500.000                 NaN  0.832780       0.550924        30.5287        43.7768        17.9106        6.34872       0.514215E-001            NaN
  1237.18        500.000                 NaN  0.832780       0.550924        30.5287        43.7768        17.9106        6.34872       0.514215E-001            NaN
  1233.97        500.000                 NaN  0.832780       0.550924        30.5287        43.7768        17.9106        6.34872       0.514215E-001            NaN
