|6.6.6
Archiving\03_Data\Deq/QFM_m0.75/YM20/YM20_1.tab                         
           1
T(K)    
  0.000000000000000E+000
  0.000000000000000E+000
           0
          10
T(K)           P(bar)         melt(TH)       Ni             O(HP)          Sp(TH)         Opx(TH)        Cpx(TH)        Cpx(TH)        an            
  2000.00        2500.00        99.9608       0.392211E-001            NaN            NaN            NaN            NaN            NaN            NaN
  1996.79        2500.00        99.5697                 NaN  0.430307                 NaN            NaN            NaN            NaN            NaN
  1993.59        2500.00        99.5561                 NaN  0.443891                 NaN            NaN            NaN            NaN            NaN
  1990.38        2500.00        99.5400                 NaN  0.460047                 NaN            NaN            NaN            NaN            NaN
  1987.18        2500.00        99.5238                 NaN  0.476204                 NaN            NaN            NaN            NaN            NaN
  1983.97        2500.00        99.5026                 NaN  0.497388                 NaN            NaN            NaN            NaN            NaN
  1980.77        2500.00        99.4814                 NaN  0.518572                 NaN            NaN            NaN            NaN            NaN
  1977.56        2500.00        99.4602                 NaN  0.539756                 NaN            NaN            NaN            NaN            NaN
  1974.36        2500.00        99.4391                 NaN  0.560939                 NaN            NaN            NaN            NaN            NaN
  1971.15        2500.00        99.3964                 NaN  0.603563                 NaN            NaN            NaN            NaN            NaN
  1967.95        2500.00        99.3538                 NaN  0.646187                 NaN            NaN            NaN            NaN            NaN
  1964.74        2500.00        99.3112                 NaN  0.688811                 NaN            NaN            NaN            NaN            NaN
  1961.54        2500.00        99.2686                 NaN  0.731434                 NaN            NaN            NaN            NaN            NaN
  1958.33        2500.00        99.2259                 NaN  0.774057                 NaN            NaN            NaN            NaN            NaN
  1955.13        2500.00        99.1833                 NaN  0.816680                 NaN            NaN            NaN            NaN            NaN
  1951.92        2500.00        99.1407                 NaN  0.859302                 NaN            NaN            NaN            NaN            NaN
  1948.72        2500.00        99.0981                 NaN  0.901925                 NaN            NaN            NaN            NaN            NaN
  1945.51        2500.00        98.9565                 NaN   1.04348                 NaN            NaN            NaN            NaN            NaN
  1942.31        2500.00        98.8150                 NaN   1.18503                 NaN            NaN            NaN            NaN            NaN
  1939.10        2500.00        98.6734                 NaN   1.32658                 NaN            NaN            NaN            NaN            NaN
  1935.90        2500.00        98.5319                 NaN   1.46813                 NaN            NaN            NaN            NaN            NaN
  1932.69        2500.00        98.3903                 NaN   1.60968                 NaN            NaN            NaN            NaN            NaN
  1929.49        2500.00        98.2488                 NaN   1.75123                 NaN            NaN            NaN            NaN            NaN
  1926.28        2500.00        98.1072                 NaN   1.89278                 NaN            NaN            NaN            NaN            NaN
  1923.08        2500.00        97.9657                 NaN   2.03433                 NaN            NaN            NaN            NaN            NaN
  1919.87        2500.00        97.6538                 NaN   2.34623                 NaN            NaN            NaN            NaN            NaN
  1916.67        2500.00        97.3419                 NaN   2.65813                 NaN            NaN            NaN            NaN            NaN
  1913.46        2500.00        96.9423                 NaN   3.03848       0.192114E-001            NaN            NaN            NaN            NaN
  1910.26        2500.00        96.4852                 NaN   3.47565       0.391884E-001            NaN            NaN            NaN            NaN
  1907.05        2500.00        95.9431                 NaN   3.99854       0.583555E-001            NaN            NaN            NaN            NaN
  1903.85        2500.00        95.4010                 NaN   4.52144       0.775229E-001            NaN            NaN            NaN            NaN
  1900.64        2500.00        94.8590                 NaN   5.04434       0.966904E-001            NaN            NaN            NaN            NaN
  1897.44        2500.00        94.3169                 NaN   5.56725       0.115858                 NaN            NaN            NaN            NaN
  1894.23        2500.00        93.6914                 NaN   6.17504       0.133556                 NaN            NaN            NaN            NaN
  1891.03        2500.00        93.0659                 NaN   6.78284       0.151255                 NaN            NaN            NaN            NaN
  1887.82        2500.00        92.4404                 NaN   7.39066       0.168954                 NaN            NaN            NaN            NaN
  1884.62        2500.00        91.8149                 NaN   7.99848       0.186653                 NaN            NaN            NaN            NaN
  1881.41        2500.00        91.1893                 NaN   8.60632       0.204352                 NaN            NaN            NaN            NaN
  1878.21        2500.00        90.5638                 NaN   9.21417       0.222052                 NaN            NaN            NaN            NaN
  1875.00        2500.00        89.9382                 NaN   9.82202       0.239752                 NaN            NaN            NaN            NaN
  1871.79        2500.00        89.3127                 NaN   10.4299       0.257453                 NaN            NaN            NaN            NaN
  1868.59        2500.00        88.6863                 NaN   11.0400       0.273625                 NaN            NaN            NaN            NaN
  1865.38        2500.00        88.0600                 NaN   11.6502       0.289798                 NaN            NaN            NaN            NaN
  1862.18        2500.00        87.4337                 NaN   12.2604       0.305972                 NaN            NaN            NaN            NaN
  1858.97        2500.00        86.8073                 NaN   12.8705       0.322146                 NaN            NaN            NaN            NaN
  1855.77        2500.00        86.1809                 NaN   13.4807       0.338320                 NaN            NaN            NaN            NaN
  1852.56        2500.00        85.5546                 NaN   14.0909       0.354494                 NaN            NaN            NaN            NaN
  1849.36        2500.00        84.9282                 NaN   14.7012       0.370669                 NaN            NaN            NaN            NaN
  1846.15        2500.00        84.3018                 NaN   15.3114       0.386844                 NaN            NaN            NaN            NaN
  1842.95        2500.00        83.6996                 NaN   15.8985       0.401865                 NaN            NaN            NaN            NaN
  1839.74        2500.00        83.0975                 NaN   16.4857       0.416886                 NaN            NaN            NaN            NaN
  1836.54        2500.00        82.4953                 NaN   17.0728       0.431907                 NaN            NaN            NaN            NaN
  1833.33        2500.00        81.8931                 NaN   17.6600       0.446929                 NaN            NaN            NaN            NaN
  1830.13        2500.00        81.2909                 NaN   18.2472       0.461951                 NaN            NaN            NaN            NaN
  1826.92        2500.00        80.6887                 NaN   18.8344       0.476973                 NaN            NaN            NaN            NaN
  1823.72        2500.00        80.0864                 NaN   19.4216       0.491996                 NaN            NaN            NaN            NaN
  1820.51        2500.00        79.4842                 NaN   20.0088       0.507019                 NaN            NaN            NaN            NaN
  1817.31        2500.00        78.9004                 NaN   20.5788       0.520861                 NaN            NaN            NaN            NaN
  1814.10        2500.00        78.3166                 NaN   21.1487       0.534704                 NaN            NaN            NaN            NaN
  1810.90        2500.00        77.7327                 NaN   21.7187       0.548547                 NaN            NaN            NaN            NaN
  1807.69        2500.00        77.1489                 NaN   22.2887       0.562391                 NaN            NaN            NaN            NaN
  1804.49        2500.00        76.5650                 NaN   22.8587       0.576235                 NaN            NaN            NaN            NaN
  1801.28        2500.00        75.9812                 NaN   23.4288       0.590079                 NaN            NaN            NaN            NaN
  1798.08        2500.00        75.3973                 NaN   23.9988       0.603924                 NaN            NaN            NaN            NaN
  1794.87        2500.00        74.8134                 NaN   24.5689       0.617768                 NaN            NaN            NaN            NaN
  1791.67        2500.00        74.2481                 NaN   25.1212       0.630707                 NaN            NaN            NaN            NaN
  1788.46        2500.00        73.6828                 NaN   25.6736       0.643645                 NaN            NaN            NaN            NaN
  1785.26        2500.00        73.1174                 NaN   26.2260       0.656584                 NaN            NaN            NaN            NaN
  1782.05        2500.00        72.5521                 NaN   26.7784       0.669523                 NaN            NaN            NaN            NaN
  1778.85        2500.00        71.9868                 NaN   27.3308       0.682463                 NaN            NaN            NaN            NaN
  1775.64        2500.00        71.4214                 NaN   27.8832       0.695403                 NaN            NaN            NaN            NaN
  1772.44        2500.00        70.8560                 NaN   28.4356       0.708343                 NaN            NaN            NaN            NaN
  1769.23        2500.00        70.2906                 NaN   28.9881       0.721283                 NaN            NaN            NaN            NaN
  1766.03        2500.00        69.7409                 NaN   29.5257       0.733391                 NaN            NaN            NaN            NaN
  1762.82        2500.00        69.1911                 NaN   30.0634       0.745500                 NaN            NaN            NaN            NaN
  1759.62        2500.00        68.6414                 NaN   30.6010       0.757608                 NaN            NaN            NaN            NaN
  1756.41        2500.00        68.0916                 NaN   31.1387       0.769717                 NaN            NaN            NaN            NaN
  1753.21        2500.00        67.5418                 NaN   31.6764       0.781826                 NaN            NaN            NaN            NaN
  1750.00        2500.00        66.9920                 NaN   32.2141       0.793936                 NaN            NaN            NaN            NaN
  1746.79        2500.00        66.4422                 NaN   32.7518       0.806046                 NaN            NaN            NaN            NaN
  1743.59        2500.00        65.8923                 NaN   33.2895       0.818156                 NaN            NaN            NaN            NaN
  1740.38        2500.00        65.3586                 NaN   33.8119       0.829539                 NaN            NaN            NaN            NaN
  1737.18        2500.00        64.8248                 NaN   34.3343       0.840923                 NaN            NaN            NaN            NaN
  1733.97        2500.00        64.2910                 NaN   34.8567       0.852306                 NaN            NaN            NaN            NaN
  1730.77        2500.00        63.7572                 NaN   35.3791       0.863690                 NaN            NaN            NaN            NaN
  1727.56        2500.00        63.2234                 NaN   35.9015       0.875075                 NaN            NaN            NaN            NaN
  1724.36        2500.00        62.6896                 NaN   36.4239       0.886460                 NaN            NaN            NaN            NaN
  1721.15        2500.00        62.1558                 NaN   36.9464       0.897845                 NaN            NaN            NaN            NaN
  1717.95        2500.00        61.6219                 NaN   37.4688       0.909230                 NaN            NaN            NaN            NaN
  1714.74        2500.00        61.1085                 NaN   37.9717       0.919838                 NaN            NaN            NaN            NaN
  1711.54        2500.00        60.5950                 NaN   38.4745       0.930447                 NaN            NaN            NaN            NaN
  1708.33        2500.00        60.0815                 NaN   38.9774       0.941056                 NaN            NaN            NaN            NaN
  1705.13        2500.00        59.5680                 NaN   39.4803       0.951666                 NaN            NaN            NaN            NaN
  1701.92        2500.00        59.0545                 NaN   39.9832       0.962275                 NaN            NaN            NaN            NaN
  1698.72        2500.00        58.5410                 NaN   40.4861       0.972885                 NaN            NaN            NaN            NaN
  1695.51        2500.00        58.0275                 NaN   40.9891       0.983495                 NaN            NaN            NaN            NaN
  1692.31        2500.00        57.5139                 NaN   41.4920       0.994106                 NaN            NaN            NaN            NaN
  1689.10        2500.00        57.0252                 NaN   41.9705        1.00422                 NaN            NaN            NaN            NaN
  1685.90        2500.00        56.5366                 NaN   42.4491        1.01433                 NaN            NaN            NaN            NaN
  1682.69        2500.00        56.0479                 NaN   42.9277        1.02444                 NaN            NaN            NaN            NaN
  1679.49        2500.00        55.5592                 NaN   43.4062        1.03455                 NaN            NaN            NaN            NaN
  1676.28        2500.00        55.0705                 NaN   43.8848        1.04466                 NaN            NaN            NaN            NaN
  1673.08        2500.00        54.5818                 NaN   44.3634        1.05478                 NaN            NaN            NaN            NaN
  1669.87        2500.00        54.0931                 NaN   44.8421        1.06489                 NaN            NaN            NaN            NaN
  1666.67        2500.00        53.6043                 NaN   45.3207        1.07500                 NaN            NaN            NaN            NaN
  1663.46        2500.00        53.1385                 NaN   45.7768        1.08470                 NaN            NaN            NaN            NaN
  1660.26        2500.00        52.6727                 NaN   46.2329        1.09440                 NaN            NaN            NaN            NaN
  1657.05        2500.00        52.2069                 NaN   46.6890        1.10410                 NaN            NaN            NaN            NaN
  1653.85        2500.00        51.7410                 NaN   47.1452        1.11380                 NaN            NaN            NaN            NaN
  1650.64        2500.00        50.4419                 NaN   47.3709        1.10891        1.07835                 NaN            NaN            NaN
  1647.44        2500.00        49.0325                 NaN   47.5450        1.10080        2.32174                 NaN            NaN            NaN
  1644.23        2500.00        47.7116                 NaN   47.7033        1.09347        3.49161                 NaN            NaN            NaN
  1641.03        2500.00        46.3906                 NaN   47.8617        1.08614        4.66151                 NaN            NaN            NaN
  1637.82        2500.00        45.3156                 NaN   47.9874        1.07764        5.61934                 NaN            NaN            NaN
  1634.62        2500.00        44.2406                 NaN   48.1131        1.06914        6.57719                 NaN            NaN            NaN
  1631.41        2500.00        43.1655                 NaN   48.2388        1.06064        7.53506                 NaN            NaN            NaN
  1628.21        2500.00        42.0905                 NaN   48.3644        1.05214        8.49295                 NaN            NaN            NaN
  1625.00        2500.00        41.0154                 NaN   48.4901        1.04364        9.45087                 NaN            NaN            NaN
  1621.79        2500.00        39.9402                 NaN   48.6158        1.03514        10.4088                 NaN            NaN            NaN
  1618.59        2500.00        38.8651                 NaN   48.7415        1.02664        11.3668                 NaN            NaN            NaN
  1615.38        2500.00        37.7899                 NaN   48.8672        1.01814        12.3248                 NaN            NaN            NaN
  1612.18        2500.00        36.9813                 NaN   48.9537        1.00894        13.0561                 NaN            NaN            NaN
  1608.97        2500.00        36.1727                 NaN   49.0402       0.999738        13.7873                 NaN            NaN            NaN
  1605.77        2500.00        35.3641                 NaN   49.1267       0.990539        14.5187                 NaN            NaN            NaN
  1602.56        2500.00        34.5554                 NaN   49.2132       0.981340        15.2500                 NaN            NaN            NaN
  1599.36        2500.00        33.7468                 NaN   49.2998       0.972140        15.9813                 NaN            NaN            NaN
  1596.15        2500.00        32.9381                 NaN   49.3863       0.962940        16.7127                 NaN            NaN            NaN
  1592.95        2500.00        32.1295                 NaN   49.4728       0.953740        17.4440                 NaN            NaN            NaN
  1589.74        2500.00        31.3208                 NaN   49.5593       0.944540        18.1754                 NaN            NaN            NaN
  1586.54        2500.00        30.6745                 NaN   49.6207       0.934346        18.7704                 NaN            NaN            NaN
  1583.33        2500.00        30.0283                 NaN   49.6821       0.924153        19.3655                 NaN            NaN            NaN
  1580.13        2500.00        29.3821                 NaN   49.7434       0.913959        19.9605                 NaN            NaN            NaN
  1576.92        2500.00        28.7358                 NaN   49.8048       0.903765        20.5556                 NaN            NaN            NaN
  1573.72        2500.00        28.0896                 NaN   49.8662       0.893570        21.1507                 NaN            NaN            NaN
  1570.51        2500.00        27.4433                 NaN   49.9276       0.883376        21.7457                 NaN            NaN            NaN
  1567.31        2500.00        26.7970                 NaN   49.9890       0.873182        22.3408                 NaN            NaN            NaN
  1564.10        2500.00        26.1507                 NaN   50.0504       0.862987        22.9359                 NaN            NaN            NaN
  1560.90        2500.00        25.5993                 NaN   50.0959       0.851051        23.4537                 NaN            NaN            NaN
  1557.69        2500.00        25.0479                 NaN   50.1415       0.839115        23.9715                 NaN            NaN            NaN
  1554.49        2500.00        24.4964                 NaN   50.1871       0.827179        24.4893                 NaN            NaN            NaN
  1551.28        2500.00        23.9450                 NaN   50.2327       0.815243        25.0072                 NaN            NaN            NaN
  1548.08        2500.00        23.3935                 NaN   50.2782       0.803306        25.5250                 NaN            NaN            NaN
  1544.87        2500.00        22.8420                 NaN   50.3238       0.791370        26.0428                 NaN            NaN            NaN
  1541.67        2500.00        22.2906                 NaN   50.3694       0.779433        26.5606                 NaN            NaN            NaN
  1538.46        2500.00        21.7391                 NaN   50.4149       0.767496        27.0785                 NaN            NaN            NaN
  1535.26        2500.00        21.2415                 NaN   50.4514       0.753340        27.5537                 NaN            NaN            NaN
  1532.05        2500.00        20.7440                 NaN   50.4878       0.739184        28.0290                 NaN            NaN            NaN
  1528.85        2500.00        20.2464                 NaN   50.5243       0.725027        28.5043                 NaN            NaN            NaN
  1525.64        2500.00        19.7488                 NaN   50.5607       0.710870        28.9796                 NaN            NaN            NaN
  1522.44        2500.00        19.2512                 NaN   50.5972       0.696713        29.4549                 NaN            NaN            NaN
  1519.23        2500.00        18.7537                 NaN   50.6336       0.682556        29.9302                 NaN            NaN            NaN
  1516.03        2500.00        18.2561                 NaN   50.6701       0.668399        30.4054                 NaN            NaN            NaN
  1512.82        2500.00        17.7585                 NaN   50.7065       0.654242        30.8807                 NaN            NaN            NaN
  1509.62        2500.00        17.2733                 NaN   50.7384       0.638183        31.3501                 NaN            NaN            NaN
  1506.41        2500.00        16.7881                 NaN   50.7703       0.622123        31.8195                 NaN            NaN            NaN
  1503.21        2500.00        16.3210                 NaN   50.7982       0.606595        32.2742                 NaN            NaN            NaN
  1500.00        2500.00        15.7481                 NaN   50.8313       0.595588        32.6467       0.178307                 NaN            NaN
  1496.79        2500.00        15.0142                 NaN   50.8554       0.600615        32.7922       0.737628                 NaN            NaN
  1493.59        2500.00        14.2802                 NaN   50.8795       0.605642        32.9377        1.29695                 NaN            NaN
  1490.38        2500.00        13.5463                 NaN   50.9036       0.610669        33.0832        1.85628                 NaN            NaN
  1487.18        2500.00        12.8123                 NaN   50.9277       0.615696        33.2287        2.41562                 NaN            NaN
  1483.97        2500.00        12.2029                 NaN   50.9287       0.626477        33.3437        2.89823                 NaN            NaN
  1480.77        2500.00        11.5935                 NaN   50.9298       0.637258        33.4587        3.38085                 NaN            NaN
  1477.56        2500.00        10.9840                 NaN   50.9308       0.648039        33.5736        3.86347                 NaN            NaN
  1474.36        2500.00        10.3746                 NaN   50.9319       0.658821        33.6886        4.34609                 NaN            NaN
  1471.15        2500.00        9.84968                 NaN   50.9193       0.672760        33.7840        4.77431                 NaN            NaN
  1467.95        2500.00        9.32474                 NaN   50.9067       0.686698        33.8793        5.20253                 NaN            NaN
  1464.74        2500.00        8.84407                 NaN   50.8899       0.701926        33.9637        5.60040                 NaN            NaN
  1461.54        2500.00        8.36289                 NaN   50.8626       0.721160        33.9730        5.98725       0.930579E-001            NaN
  1458.33        2500.00        8.36289                 NaN   50.8626       0.721160        33.9730        5.98725       0.930579E-001            NaN
  1455.13        2500.00        8.36289                 NaN   50.8626       0.721160        33.9730        5.98725       0.930579E-001            NaN
  1451.92        2500.00        8.36289                 NaN   50.8626       0.721160        33.9730        5.98725       0.930579E-001            NaN
  1448.72        2500.00        8.36289                 NaN   50.8626       0.721160        33.9730        5.98725       0.930579E-001            NaN
  1445.51        2500.00        8.36289                 NaN   50.8626       0.721160        33.9730        5.98725       0.930579E-001            NaN
  1442.31        2500.00        8.36289                 NaN   50.8626       0.721160        33.9730        5.98725       0.930579E-001            NaN
  1439.10        2500.00        8.36289                 NaN   50.8626       0.721160        33.9730        5.98725       0.930579E-001            NaN
  1435.90        2500.00        5.28367                 NaN   50.5405       0.929066        33.0302        1.94272        8.27388                 NaN
  1432.69        2500.00        5.28367                 NaN   50.5405       0.929066        33.0302        1.94272        8.27388                 NaN
  1429.49        2500.00        4.73781                 NaN   50.4595       0.976570        32.9051        8.69413        2.22693                 NaN
  1426.28        2500.00        4.47840                 NaN   50.4329       0.997661        32.8336        8.86907        2.36757       0.208639E-001
  1423.08        2500.00        4.19580                 NaN   50.4630        1.00934        32.6958        8.96068        2.55157       0.123846     
  1419.87        2500.00        4.19580                 NaN   50.4630        1.00934        32.6958        8.96068        2.55157       0.123846     
  1416.67        2500.00        4.19580                 NaN   50.4630        1.00934        32.6958        8.96068        2.55157       0.123846     
  1413.46        2500.00        4.19580                 NaN   50.4630        1.00934        32.6958        8.96068        2.55157       0.123846     
  1410.26        2500.00        3.25336                 NaN   50.5592        1.05354        32.2050        9.26171        3.18100       0.486128     
  1407.05        2500.00        3.25336                 NaN   50.5592        1.05354        32.2050        9.26171        3.18100       0.486128     
  1403.85        2500.00        3.25336                 NaN   50.5592        1.05354        32.2050        9.26171        3.18100       0.486128     
  1400.64        2500.00        3.25336                 NaN   50.5592        1.05354        32.2050        9.26171        3.18100       0.486128     
  1397.44        2500.00        3.25336                 NaN   50.5592        1.05354        32.2050        9.26171        3.18100       0.486128     
  1394.23        2500.00        3.25336                 NaN   50.5592        1.05354        32.2050        9.26171        3.18100       0.486128     
  1391.03        2500.00        3.25336                 NaN   50.5592        1.05354        32.2050        9.26171        3.18100       0.486128     
  1387.82        2500.00        3.25336                 NaN   50.5592        1.05354        32.2050        9.26171        3.18100       0.486128     
  1384.62        2500.00        1.92975                 NaN   50.6627        1.13479        31.4469        4.09998        9.67001        1.05585     
  1381.41        2500.00        1.92975                 NaN   50.6627        1.13479        31.4469        4.09998        9.67001        1.05585     
  1378.21        2500.00        1.92975                 NaN   50.6627        1.13479        31.4469        4.09998        9.67001        1.05585     
  1375.00        2500.00        1.92975                 NaN   50.6627        1.13479        31.4469        4.09998        9.67001        1.05585     
  1371.79        2500.00        1.92975                 NaN   50.6627        1.13479        31.4469        4.09998        9.67001        1.05585     
  1368.59        2500.00        1.92975                 NaN   50.6627        1.13479        31.4469        4.09998        9.67001        1.05585     
  1365.38        2500.00        1.92975                 NaN   50.6627        1.13479        31.4469        4.09998        9.67001        1.05585     
  1362.18        2500.00        1.92975                 NaN   50.6627        1.13479        31.4469        4.09998        9.67001        1.05585     
  1358.97        2500.00       0.986126                 NaN   50.6911        1.21022        30.8983        4.75520        9.94927        1.50982     
  1355.77        2500.00       0.986126                 NaN   50.6911        1.21022        30.8983        4.75520        9.94927        1.50982     
  1352.56        2500.00       0.986126                 NaN   50.6911        1.21022        30.8983        4.75520        9.94927        1.50982     
  1349.36        2500.00       0.986126                 NaN   50.6911        1.21022        30.8983        4.75520        9.94927        1.50982     
  1346.15        2500.00       0.986126                 NaN   50.6911        1.21022        30.8983        4.75520        9.94927        1.50982     
  1342.95        2500.00       0.986126                 NaN   50.6911        1.21022        30.8983        4.75520        9.94927        1.50982     
  1339.74        2500.00       0.986126                 NaN   50.6911        1.21022        30.8983        4.75520        9.94927        1.50982     
  1336.54        2500.00       0.986126                 NaN   50.6911        1.21022        30.8983        4.75520        9.94927        1.50982     
  1333.33        2500.00       0.229278                 NaN   50.6600        1.28254        30.5134        5.24970        10.1776        1.88750     
  1330.13        2500.00       0.229278                 NaN   50.6600        1.28254        30.5134        5.24970        10.1776        1.88750     
  1326.92        2500.00       0.577663E-001            NaN   50.6441        1.30040        30.4399        10.2329        5.35360        1.97134     
  1323.72        2500.00                 NaN            NaN   50.6396        1.30825        30.4155        10.2510        5.38176        2.00383     
  1320.51        2500.00                 NaN            NaN   50.6493        1.31393        30.4048        10.2377        5.37160        2.02264     
  1317.31        2500.00                 NaN            NaN   50.6493        1.31393        30.4048        10.2377        5.37160        2.02264     
  1314.10        2500.00                 NaN            NaN   50.6493        1.31393        30.4048        10.2377        5.37160        2.02264     
  1310.90        2500.00                 NaN            NaN   50.6493        1.31393        30.4048        10.2377        5.37160        2.02264     
  1307.69        2500.00                 NaN            NaN   50.6843        1.33724        30.3745        5.31664        10.1975        2.08978     
  1304.49        2500.00                 NaN            NaN   50.6843        1.33724        30.3745        5.31664        10.1975        2.08978     
  1301.28        2500.00                 NaN            NaN   50.6843        1.33724        30.3745        5.31664        10.1975        2.08978     
  1298.08        2500.00                 NaN            NaN   50.6843        1.33724        30.3745        5.31664        10.1975        2.08978     
  1294.87        2500.00                 NaN            NaN   50.6843        1.33724        30.3745        5.31664        10.1975        2.08978     
  1291.67        2500.00                 NaN            NaN   50.6843        1.33724        30.3745        5.31664        10.1975        2.08978     
  1288.46        2500.00                 NaN            NaN   50.6843        1.33724        30.3745        5.31664        10.1975        2.08978     
  1285.26        2500.00                 NaN            NaN   50.6843        1.33724        30.3745        5.31664        10.1975        2.08978     
  1282.05        2500.00                 NaN            NaN   50.7480        1.38492        30.3141        5.21342        10.1220        2.21746     
  1278.85        2500.00                 NaN            NaN   50.7480        1.38492        30.3141        5.21342        10.1220        2.21746     
  1275.64        2500.00                 NaN            NaN   50.7480        1.38492        30.3141        5.21342        10.1220        2.21746     
  1272.44        2500.00                 NaN            NaN   50.7480        1.38492        30.3141        5.21342        10.1220        2.21746     
  1269.23        2500.00                 NaN            NaN   50.7480        1.38492        30.3141        5.21342        10.1220        2.21746     
  1266.03        2500.00                 NaN            NaN   50.7480        1.38492        30.3141        5.21342        10.1220        2.21746     
  1262.82        2500.00                 NaN            NaN   50.7480        1.38492        30.3141        5.21342        10.1220        2.21746     
  1259.62        2500.00                 NaN            NaN   50.7480        1.38492        30.3141        5.21342        10.1220        2.21746     
  1256.41        2500.00                 NaN            NaN   50.8004        1.43522        30.2574        10.0617        5.11162        2.33363     
  1253.21        2500.00                 NaN            NaN   50.8004        1.43522        30.2574        10.0617        5.11162        2.33363     
  1250.00        2500.00                 NaN            NaN   50.8004        1.43522        30.2574        10.0617        5.11162        2.33363     
  1246.79        2500.00                 NaN            NaN   50.8004        1.43522        30.2574        10.0617        5.11162        2.33363     
  1243.59        2500.00                 NaN            NaN   50.8004        1.43522        30.2574        10.0617        5.11162        2.33363     
  1240.38        2500.00                 NaN            NaN   50.8004        1.43522        30.2574        10.0617        5.11162        2.33363     
  1237.18        2500.00                 NaN            NaN   50.8004        1.43522        30.2574        10.0617        5.11162        2.33363     
  1233.97        2500.00                 NaN            NaN   50.8004        1.43522        30.2574        10.0617        5.11162        2.33363     
  1230.77        2500.00                 NaN            NaN   50.8422        1.48765        30.2123        10.0078        5.01007        2.43994     
  1227.56        2500.00                 NaN            NaN   50.8422        1.48765        30.2123        10.0078        5.01007        2.43994     
  1224.36        2500.00                 NaN            NaN   50.8422        1.48765        30.2123        10.0078        5.01007        2.43994     
  1221.15        2500.00                 NaN            NaN   50.8422        1.48765        30.2123        10.0078        5.01007        2.43994     
  1217.95        2500.00                 NaN            NaN   50.8422        1.48765        30.2123        10.0078        5.01007        2.43994     
  1214.74        2500.00                 NaN            NaN   50.8422        1.48765        30.2123        10.0078        5.01007        2.43994     
  1211.54        2500.00                 NaN            NaN   50.8422        1.48765        30.2123        10.0078        5.01007        2.43994     
  1208.33        2500.00                 NaN            NaN   50.8422        1.48765        30.2123        10.0078        5.01007        2.43994     
  1205.13        2500.00                 NaN            NaN   50.8726        1.54295        30.1778        9.96517        4.90817        2.53338     
  1201.92        2500.00                 NaN            NaN   50.8726        1.54295        30.1778        9.96517        4.90817        2.53338     
  1198.72        2500.00                 NaN            NaN   50.8726        1.54295        30.1778        9.96517        4.90817        2.53338     
  1195.51        2500.00                 NaN            NaN   50.8726        1.54295        30.1778        9.96517        4.90817        2.53338     
  1192.31        2500.00                 NaN            NaN   50.8726        1.54295        30.1778        9.96517        4.90817        2.53338     
  1189.10        2500.00                 NaN            NaN   50.8726        1.54295        30.1778        9.96517        4.90817        2.53338     
  1185.90        2500.00                 NaN            NaN   50.8726        1.54295        30.1778        9.96517        4.90817        2.53338     
  1182.69        2500.00                 NaN            NaN   50.8726        1.54295        30.1778        9.96517        4.90817        2.53338     
  1179.49        2500.00                 NaN            NaN   50.8923        1.60109        30.1538        4.80643        9.93029        2.61605     
  1176.28        2500.00                 NaN            NaN   50.8923        1.60109        30.1538        4.80643        9.93029        2.61605     
  1173.08        2500.00                 NaN            NaN   50.8923        1.60109        30.1538        4.80643        9.93029        2.61605     
  1169.87        2500.00                 NaN            NaN   50.8923        1.60109        30.1538        4.80643        9.93029        2.61605     
  1166.67        2500.00                 NaN            NaN   50.8923        1.60109        30.1538        4.80643        9.93029        2.61605     
  1163.46        2500.00                 NaN            NaN   50.8923        1.60109        30.1538        4.80643        9.93029        2.61605     
  1160.26        2500.00                 NaN            NaN   50.8923        1.60109        30.1538        4.80643        9.93029        2.61605     
  1157.05        2500.00                 NaN            NaN   50.8923        1.60109        30.1538        4.80643        9.93029        2.61605     
