|6.6.6
Archiving\03_Data\eq/QFM/GRV/GRV_3.tab                                    
           1
T(K)    
  0.000000000000000E+000
  0.000000000000000E+000
           0
          10
T(K)           P(bar)         melt(TH)       pxmn           Sp(TH)         O(HP)          Opx(TH)        Cpx(TH)        Cpx(TH)        pnt           
  2000.00        2500.00        99.3229       0.677090                 NaN            NaN            NaN            NaN            NaN            NaN
  1996.79        2500.00        99.3228       0.677161                 NaN            NaN            NaN            NaN            NaN            NaN
  1993.59        2500.00        99.3228       0.677232                 NaN            NaN            NaN            NaN            NaN            NaN
  1990.38        2500.00        99.3227       0.677304                 NaN            NaN            NaN            NaN            NaN            NaN
  1987.18        2500.00        99.3226       0.677375                 NaN            NaN            NaN            NaN            NaN            NaN
  1983.97        2500.00        99.3226       0.677446                 NaN            NaN            NaN            NaN            NaN            NaN
  1980.77        2500.00        99.3225       0.677517                 NaN            NaN            NaN            NaN            NaN            NaN
  1977.56        2500.00        99.3224       0.677589                 NaN            NaN            NaN            NaN            NaN            NaN
  1974.36        2500.00        99.3223       0.677660                 NaN            NaN            NaN            NaN            NaN            NaN
  1971.15        2500.00        99.3223       0.677731                 NaN            NaN            NaN            NaN            NaN            NaN
  1967.95        2500.00        99.3222       0.677802                 NaN            NaN            NaN            NaN            NaN            NaN
  1964.74        2500.00        99.3221       0.677873                 NaN            NaN            NaN            NaN            NaN            NaN
  1961.54        2500.00        99.3221       0.677945                 NaN            NaN            NaN            NaN            NaN            NaN
  1958.33        2500.00        99.3220       0.678016                 NaN            NaN            NaN            NaN            NaN            NaN
  1955.13        2500.00        99.3219       0.678087                 NaN            NaN            NaN            NaN            NaN            NaN
  1951.92        2500.00        99.3218       0.678159                 NaN            NaN            NaN            NaN            NaN            NaN
  1948.72        2500.00        99.3218       0.678230                 NaN            NaN            NaN            NaN            NaN            NaN
  1945.51        2500.00        99.3217       0.678302                 NaN            NaN            NaN            NaN            NaN            NaN
  1942.31        2500.00        99.3216       0.678373                 NaN            NaN            NaN            NaN            NaN            NaN
  1939.10        2500.00        99.3216       0.678444                 NaN            NaN            NaN            NaN            NaN            NaN
  1935.90        2500.00        99.3215       0.678516                 NaN            NaN            NaN            NaN            NaN            NaN
  1932.69        2500.00        99.3214       0.678587                 NaN            NaN            NaN            NaN            NaN            NaN
  1929.49        2500.00        99.3213       0.678658                 NaN            NaN            NaN            NaN            NaN            NaN
  1926.28        2500.00        99.3213       0.678730                 NaN            NaN            NaN            NaN            NaN            NaN
  1923.08        2500.00        99.3212       0.678802                 NaN            NaN            NaN            NaN            NaN            NaN
  1919.87        2500.00        99.3211       0.678873                 NaN            NaN            NaN            NaN            NaN            NaN
  1916.67        2500.00        99.3211       0.678944                 NaN            NaN            NaN            NaN            NaN            NaN
  1913.46        2500.00        99.3210       0.679016                 NaN            NaN            NaN            NaN            NaN            NaN
  1910.26        2500.00        99.3209       0.679087                 NaN            NaN            NaN            NaN            NaN            NaN
  1907.05        2500.00        99.3208       0.679159                 NaN            NaN            NaN            NaN            NaN            NaN
  1903.85        2500.00        99.3208       0.679230                 NaN            NaN            NaN            NaN            NaN            NaN
  1900.64        2500.00        99.3207       0.679302                 NaN            NaN            NaN            NaN            NaN            NaN
  1897.44        2500.00        99.3206       0.679373                 NaN            NaN            NaN            NaN            NaN            NaN
  1894.23        2500.00        99.3206       0.679445                 NaN            NaN            NaN            NaN            NaN            NaN
  1891.03        2500.00        99.3205       0.679516                 NaN            NaN            NaN            NaN            NaN            NaN
  1887.82        2500.00        99.3204       0.679588                 NaN            NaN            NaN            NaN            NaN            NaN
  1884.62        2500.00        99.3203       0.679659                 NaN            NaN            NaN            NaN            NaN            NaN
  1881.41        2500.00        99.3203       0.679731                 NaN            NaN            NaN            NaN            NaN            NaN
  1878.21        2500.00        99.3202       0.679802                 NaN            NaN            NaN            NaN            NaN            NaN
  1875.00        2500.00        99.3201       0.679874                 NaN            NaN            NaN            NaN            NaN            NaN
  1871.79        2500.00        99.3201       0.679946                 NaN            NaN            NaN            NaN            NaN            NaN
  1868.59        2500.00        99.3200       0.680017                 NaN            NaN            NaN            NaN            NaN            NaN
  1865.38        2500.00        99.3199       0.680088                 NaN            NaN            NaN            NaN            NaN            NaN
  1862.18        2500.00        99.3198       0.680160                 NaN            NaN            NaN            NaN            NaN            NaN
  1858.97        2500.00        99.3198       0.680231                 NaN            NaN            NaN            NaN            NaN            NaN
  1855.77        2500.00        99.3197       0.680303                 NaN            NaN            NaN            NaN            NaN            NaN
  1852.56        2500.00        99.3196       0.680374                 NaN            NaN            NaN            NaN            NaN            NaN
  1849.36        2500.00        99.3196       0.680446                 NaN            NaN            NaN            NaN            NaN            NaN
  1846.15        2500.00        99.3195       0.680518                 NaN            NaN            NaN            NaN            NaN            NaN
  1842.95        2500.00        99.3194       0.680589                 NaN            NaN            NaN            NaN            NaN            NaN
  1839.74        2500.00        99.3193       0.680661                 NaN            NaN            NaN            NaN            NaN            NaN
  1836.54        2500.00        99.3073       0.680747       0.119941E-001            NaN            NaN            NaN            NaN            NaN
  1833.33        2500.00        99.2918       0.680838       0.273868E-001            NaN            NaN            NaN            NaN            NaN
  1830.13        2500.00        99.2766       0.680928       0.424803E-001            NaN            NaN            NaN            NaN            NaN
  1826.92        2500.00        99.2614       0.681019       0.575776E-001            NaN            NaN            NaN            NaN            NaN
  1823.72        2500.00        99.2462       0.681109       0.726789E-001            NaN            NaN            NaN            NaN            NaN
  1820.51        2500.00        99.2310       0.681199       0.877841E-001            NaN            NaN            NaN            NaN            NaN
  1817.31        2500.00        99.2165       0.681288       0.102182                 NaN            NaN            NaN            NaN            NaN
  1814.10        2500.00        99.2020       0.681377       0.116583                 NaN            NaN            NaN            NaN            NaN
  1810.90        2500.00        99.1875       0.681466       0.130987                 NaN            NaN            NaN            NaN            NaN
  1807.69        2500.00        99.1730       0.681555       0.145396                 NaN            NaN            NaN            NaN            NaN
  1804.49        2500.00        99.1585       0.681644       0.159808                 NaN            NaN            NaN            NaN            NaN
  1801.28        2500.00        99.1440       0.681733       0.174224                 NaN            NaN            NaN            NaN            NaN
  1798.08        2500.00        99.1295       0.681821       0.188643                 NaN            NaN            NaN            NaN            NaN
  1794.87        2500.00        99.1150       0.681910       0.203066                 NaN            NaN            NaN            NaN            NaN
  1791.67        2500.00        99.1014       0.681997       0.216650                 NaN            NaN            NaN            NaN            NaN
  1788.46        2500.00        99.0877       0.682084       0.230238                 NaN            NaN            NaN            NaN            NaN
  1785.26        2500.00        99.0740       0.682171       0.243828                 NaN            NaN            NaN            NaN            NaN
  1782.05        2500.00        99.0603       0.682258       0.257422                 NaN            NaN            NaN            NaN            NaN
  1778.85        2500.00        99.0466       0.682345       0.271020                 NaN            NaN            NaN            NaN            NaN
  1775.64        2500.00        99.0329       0.682433       0.284621                 NaN            NaN            NaN            NaN            NaN
  1772.44        2500.00        99.0193       0.682520       0.298225                 NaN            NaN            NaN            NaN            NaN
  1769.23        2500.00        99.0056       0.682607       0.311832                 NaN            NaN            NaN            NaN            NaN
  1766.03        2500.00        98.9925       0.682692       0.324836                 NaN            NaN            NaN            NaN            NaN
  1762.82        2500.00        98.9794       0.682778       0.337843                 NaN            NaN            NaN            NaN            NaN
  1759.62        2500.00        98.9663       0.682864       0.350853                 NaN            NaN            NaN            NaN            NaN
  1756.41        2500.00        98.9532       0.682950       0.363867                 NaN            NaN            NaN            NaN            NaN
  1753.21        2500.00        98.9400       0.683034       0.376926                 NaN            NaN            NaN            NaN            NaN
  1750.00        2500.00        98.7079       0.683202       0.389024       0.219892                 NaN            NaN            NaN            NaN
  1746.79        2500.00        97.9840       0.683555       0.400211       0.932275                 NaN            NaN            NaN            NaN
  1743.59        2500.00        97.2593       0.683905       0.411408        1.64536                 NaN            NaN            NaN            NaN
  1740.38        2500.00        96.5249       0.684259       0.422091        2.36880                 NaN            NaN            NaN            NaN
  1737.18        2500.00        95.7897       0.684611       0.432785        3.09295                 NaN            NaN            NaN            NaN
  1733.97        2500.00        95.0537       0.684961       0.443487        3.81781                 NaN            NaN            NaN            NaN
  1730.77        2500.00        94.3171       0.685309       0.454200        4.54337                 NaN            NaN            NaN            NaN
  1727.56        2500.00        93.5798       0.685655       0.464921        5.26963                 NaN            NaN            NaN            NaN
  1724.36        2500.00        92.8418       0.685999       0.475652        5.99658                 NaN            NaN            NaN            NaN
  1721.15        2500.00        92.1031       0.686342       0.486392        6.72422                 NaN            NaN            NaN            NaN
  1717.95        2500.00        91.3636       0.686682       0.497141        7.45253                 NaN            NaN            NaN            NaN
  1714.74        2500.00        90.6159       0.687026       0.507037        8.19004                 NaN            NaN            NaN            NaN
  1711.54        2500.00        89.8674       0.687369       0.516941        8.92825                 NaN            NaN            NaN            NaN
  1708.33        2500.00        89.1183       0.687709       0.526854        9.66713                 NaN            NaN            NaN            NaN
  1705.13        2500.00        88.3685       0.688047       0.536774        10.4067                 NaN            NaN            NaN            NaN
  1701.92        2500.00        87.6180       0.688383       0.546701        11.1469                 NaN            NaN            NaN            NaN
  1698.72        2500.00        86.8669       0.688717       0.556637        11.8878                 NaN            NaN            NaN            NaN
  1695.51        2500.00        86.1151       0.689049       0.566580        12.6293                 NaN            NaN            NaN            NaN
  1692.31        2500.00        85.3626       0.689378       0.576530        13.3715                 NaN            NaN            NaN            NaN
  1689.10        2500.00        84.6232       0.689702       0.585621        14.1014                 NaN            NaN            NaN            NaN
  1685.90        2500.00        83.8832       0.690025       0.594718        14.8320                 NaN            NaN            NaN            NaN
  1682.69        2500.00        83.1426       0.690344       0.603822        15.5632                 NaN            NaN            NaN            NaN
  1679.49        2500.00        82.4014       0.690662       0.612931        16.2950                 NaN            NaN            NaN            NaN
  1676.28        2500.00        81.6596       0.690977       0.622047        17.0274                 NaN            NaN            NaN            NaN
  1673.08        2500.00        80.9172       0.691289       0.631168        17.7603                 NaN            NaN            NaN            NaN
  1669.87        2500.00        80.1743       0.691599       0.640295        18.4938                 NaN            NaN            NaN            NaN
  1666.67        2500.00        79.4308       0.691907       0.649428        19.2279                 NaN            NaN            NaN            NaN
  1663.46        2500.00        78.3893       0.692502       0.658180        19.8721       0.387838                 NaN            NaN            NaN
  1660.26        2500.00        76.1026       0.694275       0.667371        20.1923        2.34343                 NaN            NaN            NaN
  1657.05        2500.00        73.9656       0.695940       0.675542        20.4889        4.17394                 NaN            NaN            NaN
  1653.85        2500.00        71.8186       0.697610       0.683750        20.7869        6.01318                 NaN            NaN            NaN
  1650.64        2500.00        69.9350       0.699090       0.690026        21.0430        7.63290                 NaN            NaN            NaN
  1647.44        2500.00        68.0437       0.700575       0.696326        21.3000        9.25942                 NaN            NaN            NaN
  1644.23        2500.00        66.1444       0.702064       0.702650        21.5581        10.8928                 NaN            NaN            NaN
  1641.03        2500.00        64.2372       0.703557       0.708999        21.8172        12.5330                 NaN            NaN            NaN
  1637.82        2500.00        62.7188       0.704775       0.712190        22.0123        13.8520                 NaN            NaN            NaN
  1634.62        2500.00        61.1952       0.705995       0.715389        22.2079        15.1755                 NaN            NaN            NaN
  1631.41        2500.00        59.6664       0.707218       0.718598        22.4042        16.5035                 NaN            NaN            NaN
  1628.21        2500.00        58.1326       0.708443       0.721816        22.6011        17.8361                 NaN            NaN            NaN
  1625.00        2500.00        56.5935       0.709670       0.725044        22.7986        19.1731                 NaN            NaN            NaN
  1621.79        2500.00        55.0493       0.710900       0.728280        22.9967        20.5147                 NaN            NaN            NaN
  1618.59        2500.00        53.4999       0.712132       0.731526        23.1955        21.8609                 NaN            NaN            NaN
  1615.38        2500.00        51.9453       0.713367       0.734782        23.3949        23.2116                 NaN            NaN            NaN
  1612.18        2500.00        50.7202       0.714372       0.734409        23.5384        24.2926                 NaN            NaN            NaN
  1608.97        2500.00        49.4918       0.715379       0.734033        23.6823        25.3765                 NaN            NaN            NaN
  1605.77        2500.00        48.2601       0.716388       0.733656        23.8265        26.4633                 NaN            NaN            NaN
  1602.56        2500.00        47.0250       0.717398       0.733275        23.9712        27.5531                 NaN            NaN            NaN
  1599.36        2500.00        45.7867       0.718409       0.732893        24.1161        28.6459                 NaN            NaN            NaN
  1596.15        2500.00        44.5449       0.719422       0.732507        24.2614        29.7417                 NaN            NaN            NaN
  1592.95        2500.00        43.2998       0.720436       0.732120        24.4071        30.8405                 NaN            NaN            NaN
  1589.74        2500.00        42.0514       0.721452       0.731729        24.5532        31.9423                 NaN            NaN            NaN
  1586.54        2500.00        40.9598       0.722365       0.726826        24.6745        32.9165                 NaN            NaN            NaN
  1583.33        2500.00        39.8656       0.723280       0.721910        24.7961        33.8931                 NaN            NaN            NaN
  1580.13        2500.00        38.7688       0.724197       0.716981        24.9179        34.8721                 NaN            NaN            NaN
  1576.92        2500.00        37.6693       0.725114       0.712037        25.0401        35.8535                 NaN            NaN            NaN
  1573.72        2500.00        36.5672       0.726033       0.707081        25.1624        36.8372                 NaN            NaN            NaN
  1570.51        2500.00        35.4625       0.726952       0.702110        25.2851        37.8233                 NaN            NaN            NaN
  1567.31        2500.00        34.3551       0.727873       0.697126        25.4080        38.8118                 NaN            NaN            NaN
  1564.10        2500.00        33.2451       0.728795       0.692128        25.5312        39.8027                 NaN            NaN            NaN
  1560.90        2500.00        32.1640       0.729708       0.682189        25.6550        40.7691                 NaN            NaN            NaN
  1557.69        2500.00        31.0803       0.730623       0.672225        25.7790        41.7378                 NaN            NaN            NaN
  1554.49        2500.00        29.9941       0.731538       0.662234        25.9033        42.7088                 NaN            NaN            NaN
  1551.28        2500.00        28.9054       0.732455       0.652218        26.0279        43.6820                 NaN            NaN            NaN
  1548.08        2500.00        27.8057       0.733387       0.640222        26.1563        44.5672       0.971460E-001            NaN            NaN
  1544.87        2500.00        26.0767       0.734905       0.625880        26.3862        45.1439        1.03243                 NaN            NaN
  1541.67        2500.00        24.3568       0.736436       0.611950        26.6159        45.4906        2.18829                 NaN            NaN
  1538.46        2500.00        22.6300       0.737971       0.597960        26.8465        45.8386        3.34893                 NaN            NaN
  1535.26        2500.00        21.2512       0.739218       0.583168        27.0255        46.1552        4.24571                 NaN            NaN
  1532.05        2500.00        19.8679       0.740467       0.568325        27.2050        46.4728        5.14548                 NaN            NaN
  1528.85        2500.00        18.4802       0.741718       0.553432        27.3850        46.7914        6.04826                 NaN            NaN
  1525.64        2500.00        17.0880       0.742972       0.538487        27.5656        47.1109        6.95406                 NaN            NaN
  1522.44        2500.00        15.9836       0.743987       0.524385        27.6999        47.3686        7.67959                 NaN            NaN
  1519.23        2500.00        14.8764       0.745003       0.510244        27.8344        47.6269        8.40708                 NaN            NaN
  1516.03        2500.00        13.8770       0.745931       0.497787        27.9480        47.7654        9.03900       0.126888                 NaN
  1512.82        2500.00        12.8878       0.746846       0.490673        28.0407        47.5282        9.50250       0.803236                 NaN
  1509.62        2500.00        12.8870       0.746863       0.490684        28.0410        47.5287        9.50258       0.803245                 NaN
  1506.41        2500.00        12.8861       0.746880       0.490695        28.0412        47.5292        9.50266       0.803254                 NaN
  1503.21        2500.00        12.8852       0.746897       0.490707        28.0415        47.5297        9.50274       0.803263                 NaN
  1500.00        2500.00        12.8844       0.746914       0.490718        28.0417        47.5301        9.50283       0.803272                 NaN
  1496.79        2500.00        12.8835       0.746931       0.490729        28.0420        47.5306        9.50291       0.803281                 NaN
  1493.59        2500.00        12.8826       0.746948       0.490740        28.0423        47.5311        9.50299       0.803290                 NaN
  1490.38        2500.00        12.8818       0.746965       0.490751        28.0425        47.5316        9.50308       0.803299                 NaN
  1487.18        2500.00        6.71783       0.752780       0.449198        28.4607        45.6948        12.5356        5.38910                 NaN
  1483.97        2500.00        6.71740       0.752793       0.449207        28.4608        45.6950        12.5357        5.38913                 NaN
  1480.77        2500.00        6.71697       0.752806       0.449216        28.4609        45.6952        12.5357        5.38917                 NaN
  1477.56        2500.00        6.71654       0.752818       0.449225        28.4610        45.6955        12.5358        5.38920                 NaN
  1474.36        2500.00        6.71611       0.752831       0.449233        28.4611        45.6957        12.5358        5.38924                 NaN
  1471.15        2500.00        6.71567       0.752844       0.449242        28.4612        45.6959        12.5359        5.38927                 NaN
  1467.95        2500.00        6.71524       0.752857       0.449251        28.4613        45.6962        12.5359        5.38931                 NaN
  1464.74        2500.00        6.71481       0.752869       0.449260        28.4614        45.6964        12.5359        5.38934                 NaN
  1461.54        2500.00        3.10874       0.756621       0.418470        28.4990        45.3140        14.7410        7.16214                 NaN
  1458.33        2500.00        3.10857       0.756632       0.418478        28.4990        45.3141        14.7410        7.16216                 NaN
  1455.13        2500.00        3.10839       0.756642       0.418486        28.4990        45.3142        14.7410        7.16219                 NaN
  1451.92        2500.00        3.10822       0.756652       0.418494        28.4990        45.3143        14.7411        7.16222                 NaN
  1448.72        2500.00        3.10804       0.756663       0.418502        28.4990        45.3144        14.7411        7.16225                 NaN
  1445.51        2500.00        3.10787       0.756673       0.418509        28.4990        45.3145        14.7411        7.16228                 NaN
  1442.31        2500.00        3.10769       0.756683       0.418517        28.4991        45.3146        14.7411        7.16231                 NaN
  1439.10        2500.00        3.10751       0.756693       0.418525        28.4991        45.3148        14.7411        7.16234                 NaN
  1435.90        2500.00       0.905527       0.759299       0.401236        28.3654        45.6027        16.3661        7.59985                 NaN
  1432.69        2500.00       0.905484       0.759308       0.401243        28.3653        45.6027        16.3661        7.59987                 NaN
  1429.49        2500.00       0.905441       0.759317       0.401251        28.3653        45.6028        16.3661        7.59989                 NaN
  1426.28        2500.00       0.905398       0.759326       0.401258        28.3652        45.6028        16.3660        7.59992                 NaN
  1423.08        2500.00       0.759515E-001  0.760418       0.397939        28.2657        45.8273        17.0402        7.63254                 NaN
  1419.87        2500.00                 NaN  0.760536       0.399181        28.2561        45.8716        7.58933        17.1232                 NaN
  1416.67        2500.00                 NaN  0.760554       0.402295        28.2569        45.9170        17.1455        7.51781                 NaN
  1413.46        2500.00                 NaN  0.760562       0.402302        28.2568        45.9170        17.1455        7.51783                 NaN
  1410.26        2500.00                 NaN  0.760592       0.408766        28.2585        45.9785        7.39454        17.1991                 NaN
  1407.05        2500.00                 NaN  0.760600       0.408774        28.2584        45.9786        7.39456        17.1991                 NaN
  1403.85        2500.00                 NaN  0.760608       0.408782        28.2583        45.9786        7.39458        17.1991                 NaN
  1400.64        2500.00                 NaN  0.760616       0.408789        28.2583        45.9786        7.39461        17.1991                 NaN
  1397.44        2500.00                 NaN  0.760625       0.408797        28.2582        45.9787        7.39463        17.1991                 NaN
  1394.23        2500.00                 NaN  0.760633       0.408805        28.2581        45.9787        7.39465        17.1991                 NaN
  1391.03        2500.00                 NaN  0.760641       0.408812        28.2581        45.9788        7.39467        17.1990                 NaN
  1387.82        2500.00                 NaN  0.760649       0.408820        28.2580        45.9788        7.39470        17.1990                 NaN
  1384.62        2500.00                 NaN  0.760743       0.435897        28.2662        46.2094        17.3959        6.93186                 NaN
  1381.41        2500.00                 NaN  0.760751       0.435906        28.2662        46.2094        17.3959        6.93188                 NaN
  1378.21        2500.00                 NaN  0.760759       0.435914        28.2661        46.2095        17.3959        6.93190                 NaN
  1375.00        2500.00                 NaN  0.760767       0.435922        28.2660        46.2095        17.3959        6.93193                 NaN
  1371.79        2500.00                 NaN  0.760775       0.435930        28.2659        46.2095        17.3959        6.93195                 NaN
  1368.59        2500.00                 NaN  0.760783       0.435938        28.2659        46.2096        17.3958        6.93197                 NaN
  1365.38        2500.00                 NaN  0.760791       0.435946        28.2658        46.2096        17.3958        6.93200                 NaN
  1362.18        2500.00                 NaN  0.760799       0.435955        28.2657        46.2097        17.3958        6.93202                 NaN
  1358.97        2500.00                 NaN  0.760891       0.466252        28.2697        46.4045        17.5741        6.52466                 NaN
  1355.77        2500.00                 NaN  0.760899       0.466261        28.2696        46.4045        17.5741        6.52468                 NaN
  1352.56        2500.00                 NaN  0.760906       0.466270        28.2695        46.4046        17.5740        6.52470                 NaN
  1349.36        2500.00                 NaN  0.760914       0.466278        28.2694        46.4046        17.5740        6.52473                 NaN
  1346.15        2500.00                 NaN  0.760922       0.466287        28.2694        46.4047        17.5740        6.52475                 NaN
  1342.95        2500.00                 NaN  0.760929       0.466296        28.2693        46.4047        17.5740        6.52478                 NaN
  1339.74        2500.00                 NaN  0.760937       0.466305        28.2692        46.4048        17.5740        6.52480                 NaN
  1336.54        2500.00                 NaN  0.760945       0.466314        28.2691        46.4048        17.5740        6.52482                 NaN
  1333.33        2500.00                 NaN  0.761038       0.500887        28.2702        46.5383        17.7372        6.19234                 NaN
  1330.13        2500.00                 NaN  0.761046       0.500897        28.2701        46.5384        17.7372        6.19236                 NaN
  1326.92        2500.00                 NaN  0.761053       0.500906        28.2700        46.5384        17.7372        6.19239                 NaN
  1323.72        2500.00                 NaN  0.761061       0.500916        28.2700        46.5385        17.7372        6.19241                 NaN
  1320.51        2500.00                 NaN  0.761068       0.500925        28.2699        46.5386        17.7371        6.19244                 NaN
  1317.31        2500.00                 NaN  0.761076       0.500935        28.2698        46.5386        17.7371        6.19246                 NaN
  1314.10        2500.00                 NaN  0.761083       0.500944        28.2697        46.5387        17.7371        6.19249                 NaN
  1310.90        2500.00                 NaN  0.761090       0.500954        28.2696        46.5387        17.7371        6.19251                 NaN
  1307.69        2500.00                 NaN  0.761182       0.539087        28.2661        46.6508        5.89737        17.8854                 NaN
  1304.49        2500.00                 NaN  0.761189       0.539097        28.2661        46.6509        5.89739        17.8854                 NaN
  1301.28        2500.00                 NaN  0.761197       0.539108        28.2660        46.6509        5.89742        17.8854                 NaN
  1298.08        2500.00                 NaN  0.761204       0.539118        28.2659        46.6510        5.89745        17.8854                 NaN
  1294.87        2500.00                 NaN  0.761211       0.539128        28.2658        46.6511        5.89747        17.8853                 NaN
  1291.67        2500.00                 NaN  0.761218       0.539138        28.2657        46.6511        5.89750        17.8853                 NaN
  1288.46        2500.00                 NaN  0.761225       0.539149        28.2656        46.6512        5.89752        17.8853                 NaN
  1285.26        2500.00                 NaN  0.761232       0.539159        28.2655        46.6513        5.89755        17.8853                 NaN
  1282.05        2500.00                 NaN  0.761325       0.580709        28.2596        46.7392        5.63570        18.0235                 NaN
  1278.85        2500.00                 NaN  0.761332       0.580720        28.2595        46.7392        5.63572        18.0234                 NaN
  1275.64        2500.00                 NaN  0.761339       0.580731        28.2595        46.7393        5.63575        18.0234                 NaN
  1272.44        2500.00                 NaN  0.761346       0.580743        28.2594        46.7394        5.63578        18.0234                 NaN
  1269.23        2500.00                 NaN  0.761353       0.580754        28.2593        46.7395        5.63580        18.0234                 NaN
  1266.03        2500.00                 NaN  0.761360       0.580765        28.2592        46.7395        5.63583        18.0233                 NaN
  1262.82        2500.00                 NaN  0.761367       0.580776        28.2591        46.7396        5.63585        18.0233                 NaN
  1259.62        2500.00                 NaN  0.761374       0.580787        28.2590        46.7397        5.63588        18.0233                 NaN
  1256.41        2500.00                 NaN  0.761465       0.626026        28.2486        46.8061        18.1454        5.41245                 NaN
  1253.21        2500.00                 NaN  0.761471       0.626038        28.2485        46.8061        18.1454        5.41248                 NaN
  1250.00        2500.00                 NaN  0.761478       0.626050        28.2484        46.8062        18.1454        5.41251                 NaN
  1246.79        2500.00                 NaN  0.761485       0.626062        28.2483        46.8063        18.1454        5.41253                 NaN
  1243.59        2500.00                 NaN  0.761492       0.626074        28.2482        46.8064        18.1453        5.41256                 NaN
  1240.38        2500.00                 NaN  0.761498       0.626086        28.2481        46.8064        18.1453        5.41259                 NaN
  1237.18        2500.00                 NaN  0.761505       0.626098        28.2480        46.8065        18.1453        5.41261                 NaN
  1233.97        2500.00                 NaN  0.761512       0.626110        28.2479        46.8066        18.1453        5.41264                 NaN
  1230.77        2500.00                 NaN  0.761602       0.675160        28.2333        46.8646        18.2580        5.20730                 NaN
  1227.56        2500.00                 NaN  0.761609       0.675173        28.2332        46.8647        18.2580        5.20733                 NaN
  1224.36        2500.00                 NaN  0.761615       0.675186        28.2331        46.8648        18.2579        5.20736                 NaN
  1221.15        2500.00                 NaN  0.761622       0.675200        28.2330        46.8649        18.2579        5.20738                 NaN
  1217.95        2500.00                 NaN  0.761628       0.675213        28.2329        46.8650        18.2579        5.20741                 NaN
  1214.74        2500.00                 NaN  0.761635       0.675226        28.2328        46.8650        18.2578        5.20744                 NaN
  1211.54        2500.00                 NaN  0.761641       0.675239        28.2327        46.8651        18.2578        5.20747                 NaN
  1208.33        2500.00                 NaN  0.761647       0.675252        28.2326        46.8652        18.2578        5.20749                 NaN
  1205.13        2500.00                 NaN  0.761737       0.728068        28.2142        46.9147        18.3577        5.02355                 NaN
  1201.92        2500.00                 NaN  0.761744       0.728083        28.2141        46.9148        18.3577        5.02358                 NaN
  1198.72        2500.00                 NaN  0.761750       0.728097        28.2140        46.9149        18.3577        5.02361                 NaN
  1195.51        2500.00                 NaN  0.761756       0.728112        28.2139        46.9149        18.3576        5.02363                 NaN
  1192.31        2500.00                 NaN  0.761762       0.728126        28.2138        46.9150        18.3576        5.02366                 NaN
  1189.10        2500.00                 NaN  0.761769       0.728140        28.2137        46.9151        18.3576        5.02369                 NaN
  1185.90        2500.00                 NaN  0.761775       0.728154        28.2136        46.9152        18.3575        5.02372                 NaN
  1182.69        2500.00                 NaN  0.761781       0.728169        28.2135        46.9153        18.3575        5.02374                 NaN
  1179.49        2500.00                 NaN  0.761870       0.784433        28.1908        46.9573        18.4481        4.85744                 NaN
  1176.28        2500.00                 NaN  0.761876       0.784448        28.1907        46.9574        18.4481        4.85747                 NaN
  1173.08        2500.00                 NaN  0.761882       0.784464        28.1906        46.9575        18.4481        4.85750                 NaN
  1169.87        2500.00                 NaN  0.761888       0.784479        28.1905        46.9575        18.4480        4.85753                 NaN
  1166.67        2500.00                 NaN  0.761894       0.784495        28.1904        46.9576        18.4480        4.85756                 NaN
  1163.46        2500.00                 NaN  0.761900       0.784510        28.1903        46.9577        18.4480        4.85758                 NaN
  1160.26        2500.00                 NaN  0.761906       0.784526        28.1902        46.9578        18.4479        4.85761                 NaN
  1157.05        2500.00                 NaN  0.761912       0.784541        28.1901        46.9579        18.4479        4.85764                 NaN
