|6.6.6
Archiving\03_Data\eqLP/QFM_m1/GRV/GRV_3.tab                               
           1
T(K)    
  0.000000000000000E+000
  0.000000000000000E+000
           0
          10
T(K)           P(bar)         melt(TH)       pxmn           Sp(TH)         O(HP)          Opx(TH)        Cpx(TH)        Cpx(TH)        an            
  2000.00        500.000        99.3252       0.674832                 NaN            NaN            NaN            NaN            NaN            NaN
  1996.79        500.000        99.3251       0.674905                 NaN            NaN            NaN            NaN            NaN            NaN
  1993.59        500.000        99.3250       0.674979                 NaN            NaN            NaN            NaN            NaN            NaN
  1990.38        500.000        99.3249       0.675053                 NaN            NaN            NaN            NaN            NaN            NaN
  1987.18        500.000        99.3249       0.675127                 NaN            NaN            NaN            NaN            NaN            NaN
  1983.97        500.000        99.3248       0.675201                 NaN            NaN            NaN            NaN            NaN            NaN
  1980.77        500.000        99.3247       0.675275                 NaN            NaN            NaN            NaN            NaN            NaN
  1977.56        500.000        99.3247       0.675349                 NaN            NaN            NaN            NaN            NaN            NaN
  1974.36        500.000        99.3246       0.675423                 NaN            NaN            NaN            NaN            NaN            NaN
  1971.15        500.000        99.3245       0.675497                 NaN            NaN            NaN            NaN            NaN            NaN
  1967.95        500.000        99.3244       0.675571                 NaN            NaN            NaN            NaN            NaN            NaN
  1964.74        500.000        99.3244       0.675645                 NaN            NaN            NaN            NaN            NaN            NaN
  1961.54        500.000        99.3243       0.675719                 NaN            NaN            NaN            NaN            NaN            NaN
  1958.33        500.000        99.3242       0.675793                 NaN            NaN            NaN            NaN            NaN            NaN
  1955.13        500.000        99.3241       0.675867                 NaN            NaN            NaN            NaN            NaN            NaN
  1951.92        500.000        99.3241       0.675942                 NaN            NaN            NaN            NaN            NaN            NaN
  1948.72        500.000        99.3240       0.676016                 NaN            NaN            NaN            NaN            NaN            NaN
  1945.51        500.000        99.3239       0.676090                 NaN            NaN            NaN            NaN            NaN            NaN
  1942.31        500.000        99.3238       0.676164                 NaN            NaN            NaN            NaN            NaN            NaN
  1939.10        500.000        99.3238       0.676239                 NaN            NaN            NaN            NaN            NaN            NaN
  1935.90        500.000        99.3237       0.676313                 NaN            NaN            NaN            NaN            NaN            NaN
  1932.69        500.000        99.3236       0.676387                 NaN            NaN            NaN            NaN            NaN            NaN
  1929.49        500.000        99.3235       0.676462                 NaN            NaN            NaN            NaN            NaN            NaN
  1926.28        500.000        99.3235       0.676536                 NaN            NaN            NaN            NaN            NaN            NaN
  1923.08        500.000        99.3234       0.676611                 NaN            NaN            NaN            NaN            NaN            NaN
  1919.87        500.000        99.3233       0.676685                 NaN            NaN            NaN            NaN            NaN            NaN
  1916.67        500.000        99.3232       0.676760                 NaN            NaN            NaN            NaN            NaN            NaN
  1913.46        500.000        99.3232       0.676834                 NaN            NaN            NaN            NaN            NaN            NaN
  1910.26        500.000        99.3231       0.676909                 NaN            NaN            NaN            NaN            NaN            NaN
  1907.05        500.000        99.3230       0.676983                 NaN            NaN            NaN            NaN            NaN            NaN
  1903.85        500.000        99.3229       0.677058                 NaN            NaN            NaN            NaN            NaN            NaN
  1900.64        500.000        99.3229       0.677133                 NaN            NaN            NaN            NaN            NaN            NaN
  1897.44        500.000        99.3228       0.677208                 NaN            NaN            NaN            NaN            NaN            NaN
  1894.23        500.000        99.3227       0.677282                 NaN            NaN            NaN            NaN            NaN            NaN
  1891.03        500.000        99.3226       0.677357                 NaN            NaN            NaN            NaN            NaN            NaN
  1887.82        500.000        99.3226       0.677431                 NaN            NaN            NaN            NaN            NaN            NaN
  1884.62        500.000        99.3225       0.677506                 NaN            NaN            NaN            NaN            NaN            NaN
  1881.41        500.000        99.3224       0.677581                 NaN            NaN            NaN            NaN            NaN            NaN
  1878.21        500.000        99.3223       0.677656                 NaN            NaN            NaN            NaN            NaN            NaN
  1875.00        500.000        99.3223       0.677731                 NaN            NaN            NaN            NaN            NaN            NaN
  1871.79        500.000        99.3222       0.677806                 NaN            NaN            NaN            NaN            NaN            NaN
  1868.59        500.000        99.3221       0.677880                 NaN            NaN            NaN            NaN            NaN            NaN
  1865.38        500.000        99.3220       0.677955                 NaN            NaN            NaN            NaN            NaN            NaN
  1862.18        500.000        99.3220       0.678030                 NaN            NaN            NaN            NaN            NaN            NaN
  1858.97        500.000        99.3219       0.678105                 NaN            NaN            NaN            NaN            NaN            NaN
  1855.77        500.000        99.3218       0.678180                 NaN            NaN            NaN            NaN            NaN            NaN
  1852.56        500.000        99.3217       0.678255                 NaN            NaN            NaN            NaN            NaN            NaN
  1849.36        500.000        99.3217       0.678330                 NaN            NaN            NaN            NaN            NaN            NaN
  1846.15        500.000        99.3216       0.678405                 NaN            NaN            NaN            NaN            NaN            NaN
  1842.95        500.000        99.3215       0.678480                 NaN            NaN            NaN            NaN            NaN            NaN
  1839.74        500.000        99.3214       0.678555                 NaN            NaN            NaN            NaN            NaN            NaN
  1836.54        500.000        99.3214       0.678629                 NaN            NaN            NaN            NaN            NaN            NaN
  1833.33        500.000        99.3213       0.678705                 NaN            NaN            NaN            NaN            NaN            NaN
  1830.13        500.000        99.3212       0.678780                 NaN            NaN            NaN            NaN            NaN            NaN
  1826.92        500.000        99.3211       0.678855                 NaN            NaN            NaN            NaN            NaN            NaN
  1823.72        500.000        99.3211       0.678930                 NaN            NaN            NaN            NaN            NaN            NaN
  1820.51        500.000        99.3210       0.679005                 NaN            NaN            NaN            NaN            NaN            NaN
  1817.31        500.000        99.3209       0.679080                 NaN            NaN            NaN            NaN            NaN            NaN
  1814.10        500.000        99.3208       0.679155                 NaN            NaN            NaN            NaN            NaN            NaN
  1810.90        500.000        99.3103       0.679245       0.104652E-001            NaN            NaN            NaN            NaN            NaN
  1807.69        500.000        99.2957       0.679341       0.249488E-001            NaN            NaN            NaN            NaN            NaN
  1804.49        500.000        99.2815       0.679436       0.390983E-001            NaN            NaN            NaN            NaN            NaN
  1801.28        500.000        99.2672       0.679531       0.532518E-001            NaN            NaN            NaN            NaN            NaN
  1798.08        500.000        99.2530       0.679625       0.674093E-001            NaN            NaN            NaN            NaN            NaN
  1794.87        500.000        99.2387       0.679720       0.815708E-001            NaN            NaN            NaN            NaN            NaN
  1791.67        500.000        99.2252       0.679814       0.950221E-001            NaN            NaN            NaN            NaN            NaN
  1788.46        500.000        99.2116       0.679907       0.108477                 NaN            NaN            NaN            NaN            NaN
  1785.26        500.000        99.1981       0.680001       0.121936                 NaN            NaN            NaN            NaN            NaN
  1782.05        500.000        99.1845       0.680094       0.135399                 NaN            NaN            NaN            NaN            NaN
  1778.85        500.000        99.1709       0.680188       0.148865                 NaN            NaN            NaN            NaN            NaN
  1775.64        500.000        99.1574       0.680282       0.162335                 NaN            NaN            NaN            NaN            NaN
  1772.44        500.000        99.1438       0.680375       0.175809                 NaN            NaN            NaN            NaN            NaN
  1769.23        500.000        99.1302       0.680469       0.189286                 NaN            NaN            NaN            NaN            NaN
  1766.03        500.000        99.1277       0.680547       0.191722                 NaN            NaN            NaN            NaN            NaN
  1762.82        500.000        99.1252       0.680626       0.194159                 NaN            NaN            NaN            NaN            NaN
  1759.62        500.000        99.1227       0.680704       0.196595                 NaN            NaN            NaN            NaN            NaN
  1756.41        500.000        99.1202       0.680783       0.199033                 NaN            NaN            NaN            NaN            NaN
  1753.21        500.000        99.0661       0.680930       0.253020                 NaN            NaN            NaN            NaN            NaN
  1750.00        500.000        98.8002       0.681122       0.265237       0.253474                 NaN            NaN            NaN            NaN
  1746.79        500.000        98.0503       0.681504       0.276973       0.991254                 NaN            NaN            NaN            NaN
  1743.59        500.000        97.2996       0.681885       0.288723        1.72983                 NaN            NaN            NaN            NaN
  1740.38        500.000        96.5377       0.682269       0.299916        2.48016                 NaN            NaN            NaN            NaN
  1737.18        500.000        95.7749       0.682652       0.311122        3.23129                 NaN            NaN            NaN            NaN
  1733.97        500.000        95.0114       0.683032       0.322339        3.98323                 NaN            NaN            NaN            NaN
  1730.77        500.000        94.2471       0.683411       0.333567        4.73596                 NaN            NaN            NaN            NaN
  1727.56        500.000        93.4819       0.683787       0.344806        5.48949                 NaN            NaN            NaN            NaN
  1724.36        500.000        92.7160       0.684162       0.356057        6.24381                 NaN            NaN            NaN            NaN
  1721.15        500.000        91.9493       0.684534       0.367319        6.99890                 NaN            NaN            NaN            NaN
  1717.95        500.000        91.1817       0.684905       0.378592        7.75476                 NaN            NaN            NaN            NaN
  1714.74        500.000        90.4084       0.685276       0.388982        8.51739                 NaN            NaN            NaN            NaN
  1711.54        500.000        89.6342       0.685646       0.399383        9.28079                 NaN            NaN            NaN            NaN
  1708.33        500.000        88.8592       0.686013       0.409793        10.0450                 NaN            NaN            NaN            NaN
  1705.13        500.000        88.0835       0.686378       0.420213        10.8099                 NaN            NaN            NaN            NaN
  1701.92        500.000        87.3071       0.686740       0.430642        11.5755                 NaN            NaN            NaN            NaN
  1698.72        500.000        86.5299       0.687101       0.441080        12.3419                 NaN            NaN            NaN            NaN
  1695.51        500.000        85.7519       0.687459       0.451528        13.1091                 NaN            NaN            NaN            NaN
  1692.31        500.000        84.9733       0.687814       0.461985        13.8769                 NaN            NaN            NaN            NaN
  1689.10        500.000        84.2085       0.688164       0.471564        14.6318                 NaN            NaN            NaN            NaN
  1685.90        500.000        83.4430       0.688512       0.481151        15.3874                 NaN            NaN            NaN            NaN
  1682.69        500.000        82.6768       0.688857       0.490746        16.1436                 NaN            NaN            NaN            NaN
  1679.49        500.000        81.9099       0.689199       0.500348        16.9005                 NaN            NaN            NaN            NaN
  1676.28        500.000        81.1424       0.689539       0.509958        17.6581                 NaN            NaN            NaN            NaN
  1673.08        500.000        80.3742       0.689877       0.519575        18.4163                 NaN            NaN            NaN            NaN
  1669.87        500.000        79.6054       0.690211       0.529200        19.1752                 NaN            NaN            NaN            NaN
  1666.67        500.000        78.8360       0.690544       0.538831        19.9347                 NaN            NaN            NaN            NaN
  1663.46        500.000        78.1091       0.690858       0.547634        20.6524                 NaN            NaN            NaN            NaN
  1660.26        500.000        77.3817       0.691170       0.556442        21.3707                 NaN            NaN            NaN            NaN
  1657.05        500.000        76.6537       0.691479       0.565256        22.0896                 NaN            NaN            NaN            NaN
  1653.85        500.000        75.9252       0.691786       0.574076        22.8089                 NaN            NaN            NaN            NaN
  1650.64        500.000        75.1962       0.692089       0.582901        23.5288                 NaN            NaN            NaN            NaN
  1647.44        500.000        74.4667       0.692391       0.591731        24.2492                 NaN            NaN            NaN            NaN
  1644.23        500.000        73.7367       0.692689       0.600567        24.9701                 NaN            NaN            NaN            NaN
  1641.03        500.000        73.0062       0.692985       0.609407        25.6915                 NaN            NaN            NaN            NaN
  1637.82        500.000        72.3231       0.693262       0.617625        26.3660                 NaN            NaN            NaN            NaN
  1634.62        500.000        71.6396       0.693536       0.625846        27.0410                 NaN            NaN            NaN            NaN
  1631.41        500.000        70.9557       0.693807       0.634071        27.7164                 NaN            NaN            NaN            NaN
  1628.21        500.000        70.2714       0.694076       0.642300        28.3922                 NaN            NaN            NaN            NaN
  1625.00        500.000        69.6098       0.694334       0.650324        29.0456                 NaN            NaN            NaN            NaN
  1621.79        500.000        67.7965       0.695875       0.655633        29.1491        1.70296                 NaN            NaN            NaN
  1618.59        500.000        66.0392       0.697390       0.659963        29.2155        3.38796                 NaN            NaN            NaN
  1615.38        500.000        64.2743       0.698909       0.664310        29.2822        5.08024                 NaN            NaN            NaN
  1612.18        500.000        62.7977       0.700211       0.666099        29.3142        6.52182                 NaN            NaN            NaN
  1608.97        500.000        61.3156       0.701517       0.667893        29.3463        7.96871                 NaN            NaN            NaN
  1605.77        500.000        59.8281       0.702826       0.669692        29.3784        9.42094                 NaN            NaN            NaN
  1602.56        500.000        58.3352       0.704138       0.671497        29.4106        10.8785                 NaN            NaN            NaN
  1599.36        500.000        56.8369       0.705454       0.673307        29.4429        12.3415                 NaN            NaN            NaN
  1596.15        500.000        55.3330       0.706774       0.675122        29.4752        13.8099                 NaN            NaN            NaN
  1592.95        500.000        53.8237       0.708096       0.676943        29.5076        15.2836                 NaN            NaN            NaN
  1589.74        500.000        52.3089       0.709423       0.678770        29.5400        16.7629                 NaN            NaN            NaN
  1586.54        500.000        51.0985       0.710520       0.676761        29.5391        17.9751                 NaN            NaN            NaN
  1583.33        500.000        49.8844       0.711620       0.674746        29.5382        19.1911                 NaN            NaN            NaN
  1580.13        500.000        48.6667       0.712723       0.672723        29.5371        20.4107                 NaN            NaN            NaN
  1576.92        500.000        47.4454       0.713827       0.670693        29.5361        21.6340                 NaN            NaN            NaN
  1573.72        500.000        46.2203       0.714934       0.668655        29.5350        22.8611                 NaN            NaN            NaN
  1570.51        500.000        44.9916       0.716044       0.666610        29.5339        24.0918                 NaN            NaN            NaN
  1567.31        500.000        43.7593       0.717156       0.664558        29.5327        25.3264                 NaN            NaN            NaN
  1564.10        500.000        42.5232       0.718270       0.662499        29.5314        26.5646                 NaN            NaN            NaN
  1560.90        500.000        41.4290       0.719281       0.655607        29.5228        27.6733                 NaN            NaN            NaN
  1557.69        500.000        40.3318       0.720294       0.648695        29.5141        28.7850                 NaN            NaN            NaN
  1554.49        500.000        39.2317       0.721310       0.641763        29.5054        29.8998                 NaN            NaN            NaN
  1551.28        500.000        38.1286       0.722327       0.634810        29.4966        31.0176                 NaN            NaN            NaN
  1548.08        500.000        37.0226       0.723347       0.627838        29.4878        32.1384                 NaN            NaN            NaN
  1544.87        500.000        35.9135       0.724368       0.620844        29.4789        33.2624                 NaN            NaN            NaN
  1541.67        500.000        34.8015       0.725392       0.613831        29.4699        34.3894                 NaN            NaN            NaN
  1538.46        500.000        33.6864       0.726417       0.606796        29.4609        35.5195                 NaN            NaN            NaN
  1535.26        500.000        32.5906       0.727434       0.594182        29.4645        36.6233                 NaN            NaN            NaN
  1532.05        500.000        31.4919       0.728453       0.581531        29.4680        37.7301                 NaN            NaN            NaN
  1528.85        500.000        30.3903       0.729474       0.568845        29.4715        38.8399                 NaN            NaN            NaN
  1525.64        500.000        29.2858       0.730498       0.556122        29.4750        39.9526                 NaN            NaN            NaN
  1522.44        500.000        27.7319       0.731965       0.540639        29.5260        40.8036       0.665909                 NaN            NaN
  1519.23        500.000        25.9259       0.733690       0.524326        29.6048        41.4095        1.80181                 NaN            NaN
  1516.03        500.000        24.3478       0.735208       0.507798        29.6732        41.9546        2.78142                 NaN            NaN
  1512.82        500.000        22.7633       0.736730       0.491202        29.7418        42.5019        3.76505                 NaN            NaN
  1509.62        500.000        21.5197       0.737940       0.474852        29.7939        42.9436        4.52998                 NaN            NaN
  1506.41        500.000        20.2722       0.739152       0.458449        29.8460        43.3868        5.29740                 NaN            NaN
  1503.21        500.000        19.0207       0.740367       0.441991        29.8983        43.8313        6.06730                 NaN            NaN
  1500.00        500.000        17.7653       0.741585       0.425479        29.9507        44.2772        6.83971                 NaN            NaN
  1496.79        500.000        16.7702       0.742568       0.409842        29.9884        44.6317        7.45725                 NaN            NaN
  1493.59        500.000        15.7726       0.743551       0.394164        30.0262        44.9871        8.07640                 NaN            NaN
  1490.38        500.000        14.8574       0.744456       0.381234        30.0522        45.1517       0.207578        8.60549                 NaN
  1487.18        500.000        13.9694       0.745338       0.374205        30.0607        44.9642        9.02203       0.864151                 NaN
  1483.97        500.000        13.9686       0.745354       0.374216        30.0610        44.9646        9.02210       0.864159                 NaN
  1480.77        500.000        13.9678       0.745371       0.374227        30.0613        44.9650        9.02217       0.864168                 NaN
  1477.56        500.000        13.9670       0.745388       0.374238        30.0616        44.9654        9.02224       0.864176                 NaN
  1474.36        500.000        13.9662       0.745404       0.374249        30.0618        44.9658        9.02231       0.864185                 NaN
  1471.15        500.000        13.9654       0.745421       0.374260        30.0621        44.9662        9.02238       0.864194                 NaN
  1467.95        500.000        13.9647       0.745438       0.374271        30.0624        44.9666        9.02245       0.864202                 NaN
  1464.74        500.000        13.9639       0.745454       0.374282        30.0627        44.9670        9.02251       0.864211                 NaN
  1461.54        500.000        8.47083       0.750945       0.330364        30.0167        43.6691        11.7593        5.00277                 NaN
  1458.33        500.000        8.47038       0.750958       0.330373        30.0168        43.6694        11.7593        5.00280                 NaN
  1455.13        500.000        8.46994       0.750972       0.330382        30.0170        43.6696        11.7593        5.00283                 NaN
  1451.92        500.000        8.46949       0.750985       0.330390        30.0171        43.6698        11.7594        5.00286                 NaN
  1448.72        500.000        8.46904       0.750998       0.330399        30.0172        43.6700        11.7594        5.00290                 NaN
  1445.51        500.000        8.46860       0.751011       0.330408        30.0174        43.6702        11.7595        5.00293                 NaN
  1442.31        500.000        8.46815       0.751024       0.330417        30.0175        43.6704        11.7595        5.00296                 NaN
  1439.10        500.000        8.46770       0.751037       0.330426        30.0176        43.6707        11.7595        5.00299                 NaN
  1435.90        500.000        5.23111       0.754518       0.300030        29.8789        43.5013        13.7284        6.60565                 NaN
  1432.69        500.000        5.23087       0.754530       0.300037        29.8790        43.5014        13.7285        6.60568                 NaN
  1429.49        500.000        5.23064       0.754541       0.300045        29.8790        43.5015        13.7285        6.60571                 NaN
  1426.28        500.000        5.23040       0.754552       0.300053        29.8791        43.5017        13.7285        6.60574                 NaN
  1423.08        500.000        5.23016       0.754563       0.300060        29.8792        43.5018        13.7285        6.60577                 NaN
  1419.87        500.000        5.22992       0.754574       0.300068        29.8792        43.5019        13.7285        6.60580                 NaN
  1416.67        500.000        5.22968       0.754585       0.300075        29.8793        43.5020        13.7285        6.60583                 NaN
  1413.46        500.000        5.22944       0.754596       0.300083        29.8793        43.5021        13.7286        6.60586                 NaN
  1410.26        500.000        3.21544       0.756992       0.285272        29.7057        43.7679        7.09291        15.1759                 NaN
  1407.05        500.000        3.21532       0.757002       0.285279        29.7057        43.7679        7.09293        15.1759                 NaN
  1403.85        500.000        3.21520       0.757012       0.285286        29.7057        43.7680        7.09296        15.1759                 NaN
  1400.64        500.000        3.21507       0.757022       0.285293        29.7057        43.7681        7.09298        15.1759                 NaN
  1397.44        500.000        3.21495       0.757031       0.285300        29.7057        43.7681        7.09301        15.1759                 NaN
  1394.23        500.000        3.21483       0.757041       0.285307        29.7057        43.7682        7.09304        15.1759                 NaN
  1391.03        500.000        3.21470       0.757051       0.285314        29.7057        43.7683        7.09306        15.1759                 NaN
  1387.82        500.000        3.21458       0.757061       0.285321        29.7057        43.7684        7.09309        15.1759                 NaN
  1384.62        500.000        1.81706       0.758910       0.287374        29.5053        44.1368        7.20553        16.2890                 NaN
  1381.41        500.000        1.81700       0.758919       0.287382        29.5053        44.1368        7.20556        16.2890                 NaN
  1378.21        500.000        1.81695       0.758928       0.287389        29.5052        44.1369        7.20558        16.2890                 NaN
  1375.00        500.000        1.81689       0.758937       0.287396        29.5052        44.1369        7.20560        16.2890                 NaN
  1371.79        500.000        1.81683       0.758946       0.287403        29.5052        44.1370        7.20563        16.2890                 NaN
  1368.59        500.000        1.81678       0.758955       0.287410        29.5052        44.1370        7.20565        16.2890                 NaN
  1365.38        500.000        1.81672       0.758964       0.287417        29.5051        44.1371        7.20568        16.2890                 NaN
  1362.18        500.000        1.81666       0.758972       0.287424        29.5051        44.1371        7.20570        16.2890                 NaN
  1358.97        500.000       0.731407       0.760562       0.303174        29.2835        44.5310        7.18236        17.2081                 NaN
  1355.77        500.000       0.731389       0.760570       0.303181        29.2834        44.5310        7.18238        17.2080                 NaN
  1352.56        500.000       0.731371       0.760579       0.303189        29.2834        44.5311        7.18241        17.2080                 NaN
  1349.36        500.000       0.731353       0.760587       0.303196        29.2833        44.5311        7.18243        17.2080                 NaN
  1346.15        500.000       0.260048       0.761326       0.316528        29.1624        44.7339        17.6092        7.15663                 NaN
  1342.95        500.000       0.260042       0.761334       0.316536        29.1624        44.7339        17.6092        7.15665                 NaN
  1339.74        500.000       0.385789E-001  0.761699       0.324078        29.1020        44.8321        17.7987        7.14283                 NaN
  1336.54        500.000                 NaN  0.761775       0.328336        29.0893        44.8756        17.8449        7.10010                 NaN
  1333.33        500.000                 NaN  0.761793       0.333515        29.0871        44.9056        17.8654        7.04656                 NaN
  1330.13        500.000                 NaN  0.761801       0.333523        29.0870        44.9057        17.8654        7.04658                 NaN
  1326.92        500.000                 NaN  0.761809       0.333531        29.0869        44.9057        17.8654        7.04660                 NaN
  1323.72        500.000                 NaN  0.761817       0.333540        29.0869        44.9057        17.8654        7.04663                 NaN
  1320.51        500.000                 NaN  0.761825       0.333548        29.0868        44.9058        17.8654        7.04665                 NaN
  1317.31        500.000                 NaN  0.761832       0.333556        29.0868        44.9058        17.8654        7.04668                 NaN
  1314.10        500.000                 NaN  0.761840       0.333564        29.0867        44.9058        17.8654        7.04670                 NaN
  1310.90        500.000                 NaN  0.761848       0.333572        29.0867        44.9059        17.8653        7.04673                 NaN
  1307.69        500.000                 NaN  0.761931       0.375802        29.0647        45.1273        6.67854        17.9917                 NaN
  1304.49        500.000                 NaN  0.761939       0.375811        29.0646        45.1274        6.67856        17.9917                 NaN
  1301.28        500.000                 NaN  0.761947       0.375820        29.0645        45.1274        6.67859        17.9917                 NaN
  1298.08        500.000                 NaN  0.761954       0.375829        29.0645        45.1275        6.67861        17.9917                 NaN
  1294.87        500.000                 NaN  0.761962       0.375839        29.0644        45.1275        6.67864        17.9917                 NaN
  1291.67        500.000                 NaN  0.761969       0.375848        29.0644        45.1275        6.67866        17.9916                 NaN
  1288.46        500.000                 NaN  0.761977       0.375857        29.0643        45.1276        6.67869        17.9916                 NaN
  1285.26        500.000                 NaN  0.761984       0.375866        29.0642        45.1276        6.67871        17.9916                 NaN
  1282.05        500.000                 NaN  0.762068       0.421962        29.0387        45.3161        18.1099        6.35127                 NaN
  1278.85        500.000                 NaN  0.762076       0.421972        29.0386        45.3161        18.1099        6.35129                 NaN
  1275.64        500.000                 NaN  0.762083       0.421982        29.0386        45.3162        18.1099        6.35132                 NaN
  1272.44        500.000                 NaN  0.762091       0.421993        29.0385        45.3162        18.1099        6.35134                 NaN
  1269.23        500.000                 NaN  0.762098       0.422003        29.0384        45.3162        18.1098        6.35137                 NaN
  1266.03        500.000                 NaN  0.762105       0.422013        29.0384        45.3163        18.1098        6.35140                 NaN
  1262.82        500.000                 NaN  0.762113       0.422023        29.0383        45.3163        18.1098        6.35142                 NaN
  1259.62        500.000                 NaN  0.762120       0.422034        29.0382        45.3164        18.1098        6.35145                 NaN
  1256.41        500.000                 NaN  0.762202       0.472076        29.0081        45.4718        6.07009        18.2157                 NaN
  1253.21        500.000                 NaN  0.762210       0.472088        29.0081        45.4719        6.07011        18.2157                 NaN
  1250.00        500.000                 NaN  0.762217       0.472099        29.0080        45.4719        6.07014        18.2156                 NaN
  1246.79        500.000                 NaN  0.762224       0.472110        29.0079        45.4720        6.07017        18.2156                 NaN
  1243.59        500.000                 NaN  0.762231       0.472122        29.0078        45.4720        6.07019        18.2156                 NaN
  1240.38        500.000                 NaN  0.762238       0.472133        29.0078        45.4721        6.07022        18.2156                 NaN
  1237.18        500.000                 NaN  0.762245       0.472145        29.0077        45.4721        6.07025        18.2155                 NaN
  1233.97        500.000                 NaN  0.762252       0.472156        29.0076        45.4722        6.07027        18.2155                 NaN
  1230.77        500.000                 NaN  0.762334       0.525424        28.9738        45.6093        18.3128        5.81634                 NaN
  1227.56        500.000                 NaN  0.762341       0.525437        28.9737        45.6094        18.3128        5.81636                 NaN
  1224.36        500.000                 NaN  0.762348       0.525450        28.9736        45.6094        18.3128        5.81639                 NaN
  1221.15        500.000                 NaN  0.762355       0.525462        28.9736        45.6095        18.3127        5.81642                 NaN
  1217.95        500.000                 NaN  0.762362       0.525475        28.9735        45.6095        18.3127        5.81644                 NaN
  1214.74        500.000                 NaN  0.762369       0.525488        28.9734        45.6096        18.3127        5.81647                 NaN
  1211.54        500.000                 NaN  0.762375       0.525500        28.9733        45.6096        18.3127        5.81650                 NaN
  1208.33        500.000                 NaN  0.762382       0.525513        28.9732        45.6097        18.3126        5.81653                 NaN
  1205.13        500.000                 NaN  0.762464       0.582367        28.9355        45.7342        18.3990        5.58649                 NaN
  1201.92        500.000                 NaN  0.762471       0.582381        28.9354        45.7342        18.3990        5.58652                 NaN
  1198.72        500.000                 NaN  0.762478       0.582395        28.9353        45.7343        18.3990        5.58655                 NaN
  1195.51        500.000                 NaN  0.762484       0.582409        28.9352        45.7344        18.3990        5.58657                 NaN
  1192.31        500.000                 NaN  0.762491       0.582422        28.9351        45.7344        18.3989        5.58660                 NaN
  1189.10        500.000                 NaN  0.762497       0.582436        28.9350        45.7345        18.3989        5.58663                 NaN
  1185.90        500.000                 NaN  0.762504       0.582450        28.9350        45.7346        18.3989        5.58666                 NaN
  1182.69        500.000                 NaN  0.762510       0.582464        28.9349        45.7346        18.3988        5.58669                 NaN
  1179.49        500.000                 NaN  0.762590       0.644389        28.8908        45.8402        18.4748        5.38727                 NaN
  1176.28        500.000                 NaN  0.762598       0.651632        28.8898        45.8510        5.36050        18.4779       0.666610E-002
  1173.08        500.000                 NaN  0.762546       0.657517        28.9092        45.7121        18.4933        5.40933       0.559145E-001
  1169.87        500.000                 NaN  0.762553       0.657533        28.9092        45.7122        18.4933        5.40936       0.559178E-001
  1166.67        500.000                 NaN  0.762564       0.670779        28.9061        45.8295        18.4459        5.31765       0.675311E-001
  1163.46        500.000                 NaN  0.762570       0.670795        28.9060        45.8295        18.4459        5.31767       0.675350E-001
  1160.26        500.000                 NaN  0.762576       0.670811        28.9059        45.8296        18.4458        5.31770       0.675390E-001
  1157.05        500.000                 NaN  0.762583       0.670827        28.9058        45.8297        18.4458        5.31773       0.675429E-001
