|6.6.6
Archiving\03_Data\eq/QFM_m5/Y98/Y98_3.tab                                 
           1
T(K)    
  0.000000000000000E+000
  0.000000000000000E+000
           0
          12
T(K)           P(bar)         melt(TH)       pxmn           iron           Ni             Sp(TH)         Opx(TH)        O(HP)          Cpx(TH)        Cpx(TH)        an            
  2000.00        2500.00        98.3222       0.783998       0.885380       0.845151E-002            NaN            NaN            NaN            NaN            NaN            NaN
  1996.79        2500.00        98.3115       0.784140       0.895862       0.845225E-002            NaN            NaN            NaN            NaN            NaN            NaN
  1993.59        2500.00        98.3009       0.784283       0.906347       0.845300E-002            NaN            NaN            NaN            NaN            NaN            NaN
  1990.38        2500.00        98.2903       0.784425       0.916834       0.845375E-002            NaN            NaN            NaN            NaN            NaN            NaN
  1987.18        2500.00        98.2797       0.784567       0.927324       0.845450E-002            NaN            NaN            NaN            NaN            NaN            NaN
  1983.97        2500.00        98.2690       0.784709       0.937817       0.845525E-002            NaN            NaN            NaN            NaN            NaN            NaN
  1980.77        2500.00        98.2584       0.784851       0.948312       0.845600E-002            NaN            NaN            NaN            NaN            NaN            NaN
  1977.56        2500.00        98.2477       0.784992       0.958810       0.845675E-002            NaN            NaN            NaN            NaN            NaN            NaN
  1974.36        2500.00        98.2371       0.785134       0.969310       0.845751E-002            NaN            NaN            NaN            NaN            NaN            NaN
  1971.15        2500.00        98.2269       0.785273       0.979387       0.845823E-002            NaN            NaN            NaN            NaN            NaN            NaN
  1967.95        2500.00        98.2167       0.785412       0.989465       0.845895E-002            NaN            NaN            NaN            NaN            NaN            NaN
  1964.74        2500.00        98.2064       0.785551       0.999546       0.845967E-002            NaN            NaN            NaN            NaN            NaN            NaN
  1961.54        2500.00        98.1962       0.785689        1.00963       0.846039E-002            NaN            NaN            NaN            NaN            NaN            NaN
  1958.33        2500.00        98.1860       0.785828        1.01972       0.846112E-002            NaN            NaN            NaN            NaN            NaN            NaN
  1955.13        2500.00        98.1758       0.785967        1.02980       0.846184E-002            NaN            NaN            NaN            NaN            NaN            NaN
  1951.92        2500.00        98.1655       0.786105        1.03990       0.846257E-002            NaN            NaN            NaN            NaN            NaN            NaN
  1948.72        2500.00        98.1553       0.786244        1.04999       0.846329E-002            NaN            NaN            NaN            NaN            NaN            NaN
  1945.51        2500.00        98.1455       0.786380        1.05967       0.846399E-002            NaN            NaN            NaN            NaN            NaN            NaN
  1942.31        2500.00        98.1357       0.786515        1.06936       0.846469E-002            NaN            NaN            NaN            NaN            NaN            NaN
  1939.10        2500.00        98.1258       0.786651        1.07905       0.846539E-002            NaN            NaN            NaN            NaN            NaN            NaN
  1935.90        2500.00        98.1160       0.786787        1.08874       0.846608E-002            NaN            NaN            NaN            NaN            NaN            NaN
  1932.69        2500.00        98.1062       0.786922        1.09844       0.846678E-002            NaN            NaN            NaN            NaN            NaN            NaN
  1929.49        2500.00        98.0963       0.787058        1.10814       0.846748E-002            NaN            NaN            NaN            NaN            NaN            NaN
  1926.28        2500.00        98.0865       0.787193        1.11783       0.846818E-002            NaN            NaN            NaN            NaN            NaN            NaN
  1923.08        2500.00        98.0767       0.787329        1.12754       0.846889E-002            NaN            NaN            NaN            NaN            NaN            NaN
  1919.87        2500.00        98.0673       0.787461        1.13681       0.846956E-002            NaN            NaN            NaN            NaN            NaN            NaN
  1916.67        2500.00        98.0578       0.787594        1.14609       0.847023E-002            NaN            NaN            NaN            NaN            NaN            NaN
  1913.46        2500.00        98.0484       0.787726        1.15538       0.847090E-002            NaN            NaN            NaN            NaN            NaN            NaN
  1910.26        2500.00        98.0390       0.787859        1.16466       0.847157E-002            NaN            NaN            NaN            NaN            NaN            NaN
  1907.05        2500.00        98.0296       0.787991        1.17395       0.847225E-002            NaN            NaN            NaN            NaN            NaN            NaN
  1903.85        2500.00        98.0202       0.788124        1.18324       0.847292E-002            NaN            NaN            NaN            NaN            NaN            NaN
  1900.64        2500.00        98.0107       0.788256        1.19253       0.847360E-002            NaN            NaN            NaN            NaN            NaN            NaN
  1897.44        2500.00        98.0013       0.788388        1.20182       0.847427E-002            NaN            NaN            NaN            NaN            NaN            NaN
  1894.23        2500.00        97.9923       0.788518        1.21072       0.847492E-002            NaN            NaN            NaN            NaN            NaN            NaN
  1891.03        2500.00        97.9833       0.788647        1.21962       0.847557E-002            NaN            NaN            NaN            NaN            NaN            NaN
  1887.82        2500.00        97.9742       0.788777        1.22852       0.847622E-002            NaN            NaN            NaN            NaN            NaN            NaN
  1884.62        2500.00        97.9652       0.788906        1.23742       0.847687E-002            NaN            NaN            NaN            NaN            NaN            NaN
  1881.41        2500.00        97.9562       0.789036        1.24633       0.847752E-002            NaN            NaN            NaN            NaN            NaN            NaN
  1878.21        2500.00        97.9471       0.789165        1.25524       0.847817E-002            NaN            NaN            NaN            NaN            NaN            NaN
  1875.00        2500.00        97.9381       0.789295        1.26415       0.847882E-002            NaN            NaN            NaN            NaN            NaN            NaN
  1871.79        2500.00        97.9290       0.789424        1.27306       0.847948E-002            NaN            NaN            NaN            NaN            NaN            NaN
  1868.59        2500.00        97.9204       0.789551        1.28157       0.848010E-002            NaN            NaN            NaN            NaN            NaN            NaN
  1865.38        2500.00        97.9118       0.789677        1.29009       0.848073E-002            NaN            NaN            NaN            NaN            NaN            NaN
  1862.18        2500.00        97.9031       0.789804        1.29861       0.848135E-002            NaN            NaN            NaN            NaN            NaN            NaN
  1858.97        2500.00        97.8945       0.789930        1.30713       0.848198E-002            NaN            NaN            NaN            NaN            NaN            NaN
  1855.77        2500.00        97.8858       0.790057        1.31565       0.848261E-002            NaN            NaN            NaN            NaN            NaN            NaN
  1852.56        2500.00        97.8772       0.790183        1.32418       0.848324E-002            NaN            NaN            NaN            NaN            NaN            NaN
  1849.36        2500.00        97.8685       0.790310        1.33271       0.848387E-002            NaN            NaN            NaN            NaN            NaN            NaN
  1846.15        2500.00        97.8598       0.790436        1.34124       0.848450E-002            NaN            NaN            NaN            NaN            NaN            NaN
  1842.95        2500.00        97.8516       0.790560        1.34937       0.848510E-002            NaN            NaN            NaN            NaN            NaN            NaN
  1839.74        2500.00        97.8433       0.790684        1.35750       0.848570E-002            NaN            NaN            NaN            NaN            NaN            NaN
  1836.54        2500.00        97.8351       0.790808        1.36564       0.848630E-002            NaN            NaN            NaN            NaN            NaN            NaN
  1833.33        2500.00        97.8268       0.790931        1.37377       0.848691E-002            NaN            NaN            NaN            NaN            NaN            NaN
  1830.13        2500.00        97.8185       0.791055        1.38191       0.848751E-002            NaN            NaN            NaN            NaN            NaN            NaN
  1826.92        2500.00        97.8103       0.791179        1.39005       0.848812E-002            NaN            NaN            NaN            NaN            NaN            NaN
  1823.72        2500.00        97.8020       0.791302        1.39819       0.848873E-002            NaN            NaN            NaN            NaN            NaN            NaN
  1820.51        2500.00        97.7937       0.791426        1.40633       0.848933E-002            NaN            NaN            NaN            NaN            NaN            NaN
  1817.31        2500.00        97.7859       0.791547        1.41408       0.848991E-002            NaN            NaN            NaN            NaN            NaN            NaN
  1814.10        2500.00        97.7780       0.791668        1.42183       0.849050E-002            NaN            NaN            NaN            NaN            NaN            NaN
  1810.90        2500.00        97.7701       0.791789        1.42958       0.849108E-002            NaN            NaN            NaN            NaN            NaN            NaN
  1807.69        2500.00        97.7623       0.791910        1.43734       0.849166E-002            NaN            NaN            NaN            NaN            NaN            NaN
  1804.49        2500.00        97.7544       0.792030        1.44509       0.849224E-002            NaN            NaN            NaN            NaN            NaN            NaN
  1801.28        2500.00        97.7465       0.792151        1.45285       0.849283E-002            NaN            NaN            NaN            NaN            NaN            NaN
  1798.08        2500.00        97.7386       0.792272        1.46061       0.849341E-002            NaN            NaN            NaN            NaN            NaN            NaN
  1794.87        2500.00        97.7307       0.792393        1.46837       0.849400E-002            NaN            NaN            NaN            NaN            NaN            NaN
  1791.67        2500.00        97.7233       0.792511        1.47574       0.849456E-002            NaN            NaN            NaN            NaN            NaN            NaN
  1788.46        2500.00        97.7158       0.792629        1.48312       0.849511E-002            NaN            NaN            NaN            NaN            NaN            NaN
  1785.26        2500.00        97.7083       0.792748        1.49050       0.849568E-002            NaN            NaN            NaN            NaN            NaN            NaN
  1782.05        2500.00        97.7008       0.792866        1.49788       0.849624E-002            NaN            NaN            NaN            NaN            NaN            NaN
  1778.85        2500.00        97.6933       0.792984        1.50526       0.849680E-002            NaN            NaN            NaN            NaN            NaN            NaN
  1775.64        2500.00        97.6858       0.793102        1.51265       0.849736E-002            NaN            NaN            NaN            NaN            NaN            NaN
  1772.44        2500.00        97.6783       0.793220        1.52003       0.849793E-002            NaN            NaN            NaN            NaN            NaN            NaN
  1769.23        2500.00        97.6707       0.793338        1.52742       0.849849E-002            NaN            NaN            NaN            NaN            NaN            NaN
  1766.03        2500.00        97.6636       0.793454        1.53442       0.849903E-002            NaN            NaN            NaN            NaN            NaN            NaN
  1762.82        2500.00        97.6565       0.793569        1.54142       0.849957E-002            NaN            NaN            NaN            NaN            NaN            NaN
  1759.62        2500.00        97.6494       0.793685        1.54842       0.850011E-002            NaN            NaN            NaN            NaN            NaN            NaN
  1756.41        2500.00        97.6423       0.793800        1.55543       0.850065E-002            NaN            NaN            NaN            NaN            NaN            NaN
  1753.21        2500.00        97.6352       0.793916        1.56243       0.850119E-002            NaN            NaN            NaN            NaN            NaN            NaN
  1750.00        2500.00        97.6280       0.794031        1.56944       0.850173E-002            NaN            NaN            NaN            NaN            NaN            NaN
  1746.79        2500.00        97.6209       0.794147        1.57645       0.850227E-002            NaN            NaN            NaN            NaN            NaN            NaN
  1743.59        2500.00        97.6138       0.794262        1.58346       0.850282E-002            NaN            NaN            NaN            NaN            NaN            NaN
  1740.38        2500.00        97.6070       0.794375        1.59008       0.850333E-002            NaN            NaN            NaN            NaN            NaN            NaN
  1737.18        2500.00        97.6003       0.794488        1.59671       0.850385E-002            NaN            NaN            NaN            NaN            NaN            NaN
  1733.97        2500.00        97.5936       0.794601        1.60334       0.850437E-002            NaN            NaN            NaN            NaN            NaN            NaN
  1730.77        2500.00        97.5868       0.794714        1.60997       0.850489E-002            NaN            NaN            NaN            NaN            NaN            NaN
  1727.56        2500.00        97.5801       0.794827        1.61660       0.850541E-002            NaN            NaN            NaN            NaN            NaN            NaN
  1724.36        2500.00        97.5733       0.794939        1.62323       0.850594E-002            NaN            NaN            NaN            NaN            NaN            NaN
  1721.15        2500.00        97.5666       0.795052        1.62987       0.850646E-002            NaN            NaN            NaN            NaN            NaN            NaN
  1717.95        2500.00        97.5598       0.795165        1.63650       0.850698E-002            NaN            NaN            NaN            NaN            NaN            NaN
  1714.74        2500.00        97.5535       0.795275        1.64275       0.850748E-002            NaN            NaN            NaN            NaN            NaN            NaN
  1711.54        2500.00        97.5471       0.795386        1.64901       0.850798E-002            NaN            NaN            NaN            NaN            NaN            NaN
  1708.33        2500.00        97.5407       0.795496        1.65526       0.850848E-002            NaN            NaN            NaN            NaN            NaN            NaN
  1705.13        2500.00        97.5344       0.795606        1.66152       0.850898E-002            NaN            NaN            NaN            NaN            NaN            NaN
  1701.92        2500.00        97.5280       0.795717        1.66778       0.850948E-002            NaN            NaN            NaN            NaN            NaN            NaN
  1698.72        2500.00        97.5216       0.795827        1.67404       0.850998E-002            NaN            NaN            NaN            NaN            NaN            NaN
  1695.51        2500.00        97.5153       0.795937        1.68030       0.851048E-002            NaN            NaN            NaN            NaN            NaN            NaN
  1692.31        2500.00        97.5089       0.796048        1.68656       0.851099E-002            NaN            NaN            NaN            NaN            NaN            NaN
  1689.10        2500.00        97.5028       0.796156        1.69258       0.851147E-002            NaN            NaN            NaN            NaN            NaN            NaN
  1685.90        2500.00        97.4966       0.796265        1.69860       0.851196E-002            NaN            NaN            NaN            NaN            NaN            NaN
  1682.69        2500.00        97.4906       0.796373        1.70455       0.851245E-002            NaN            NaN            NaN            NaN            NaN            NaN
  1679.49        2500.00        97.4893       0.796420        1.70191       0.851228E-002  0.388879E-002            NaN            NaN            NaN            NaN            NaN
  1676.28        2500.00        97.4724       0.796552        1.70888       0.851302E-002  0.136472E-001            NaN            NaN            NaN            NaN            NaN
  1673.08        2500.00        97.4555       0.796684        1.71585       0.851376E-002  0.234091E-001            NaN            NaN            NaN            NaN            NaN
  1669.87        2500.00        97.4387       0.796816        1.72282       0.851450E-002  0.331745E-001            NaN            NaN            NaN            NaN            NaN
  1666.67        2500.00        97.4218       0.796948        1.72980       0.851525E-002  0.429433E-001            NaN            NaN            NaN            NaN            NaN
  1663.46        2500.00        97.4058       0.797064        1.73427       0.851581E-002  0.543281E-001            NaN            NaN            NaN            NaN            NaN
  1660.26        2500.00        97.3898       0.797179        1.73875       0.851638E-002  0.657165E-001            NaN            NaN            NaN            NaN            NaN
  1657.05        2500.00        97.3738       0.797294        1.74323       0.851694E-002  0.771084E-001            NaN            NaN            NaN            NaN            NaN
  1653.85        2500.00        97.3579       0.797409        1.74772       0.851751E-002  0.885039E-001            NaN            NaN            NaN            NaN            NaN
  1650.64        2500.00        97.3419       0.797525        1.75220       0.851808E-002  0.999029E-001            NaN            NaN            NaN            NaN            NaN
  1647.44        2500.00        97.3259       0.797640        1.75668       0.851865E-002  0.111306                 NaN            NaN            NaN            NaN            NaN
  1644.23        2500.00        97.3098       0.797755        1.76117       0.851922E-002  0.122712                 NaN            NaN            NaN            NaN            NaN
  1641.03        2500.00        97.2938       0.797870        1.76565       0.851979E-002  0.134121                 NaN            NaN            NaN            NaN            NaN
  1637.82        2500.00        96.0013       0.799139        1.77410       0.853268E-002  0.130072        1.28685                 NaN            NaN            NaN            NaN
  1634.62        2500.00        93.9433       0.801099        1.78485       0.855295E-002  0.116168        3.34603                 NaN            NaN            NaN            NaN
  1631.41        2500.00        91.9911       0.802962        1.79490       0.857218E-002  0.101784        5.30066                 NaN            NaN            NaN            NaN
  1628.21        2500.00        90.0299       0.804831        1.80499       0.859147E-002  0.873330E-001   7.26433                 NaN            NaN            NaN            NaN
  1625.00        2500.00        88.2673       0.806518        1.81341       0.860882E-002  0.721808E-001   9.03195                 NaN            NaN            NaN            NaN
  1621.79        2500.00        86.4974       0.808211        1.82185       0.862622E-002  0.569645E-001   10.8069                 NaN            NaN            NaN            NaN
  1618.59        2500.00        84.7202       0.809908        1.83032       0.864367E-002  0.416838E-001   12.5892                 NaN            NaN            NaN            NaN
  1615.38        2500.00        82.9356       0.811609        1.83882       0.866117E-002  0.263384E-001   14.3790                 NaN            NaN            NaN            NaN
  1612.18        2500.00        81.2933       0.813181        1.84589       0.867728E-002  0.976862E-002   16.0291                 NaN            NaN            NaN            NaN
  1608.97        2500.00        79.7325       0.814680        1.85318       0.869262E-002            NaN   17.5910                 NaN            NaN            NaN            NaN
  1605.77        2500.00        78.2919       0.816062        1.85762       0.870669E-002            NaN   19.0257                 NaN            NaN            NaN            NaN
  1602.56        2500.00        76.8465       0.817446        1.86207       0.872080E-002            NaN   20.4652                 NaN            NaN            NaN            NaN
  1599.36        2500.00        75.5220       0.818719        1.86542       0.873371E-002            NaN   21.7851                 NaN            NaN            NaN            NaN
  1596.15        2500.00        74.1935       0.819993        1.86879       0.874665E-002            NaN   23.1090                 NaN            NaN            NaN            NaN
  1592.95        2500.00        72.8609       0.821271        1.87215       0.875961E-002            NaN   24.4369                 NaN            NaN            NaN            NaN
  1589.74        2500.00        71.5243       0.822550        1.87553       0.877260E-002            NaN   25.7688                 NaN            NaN            NaN            NaN
  1586.54        2500.00        70.3782       0.823658        1.87731       0.878375E-002            NaN   26.9121                 NaN            NaN            NaN            NaN
  1583.33        2500.00        69.2291       0.824767        1.87909       0.879492E-002            NaN   28.0583                 NaN            NaN            NaN            NaN
  1580.13        2500.00        68.0770       0.825878        1.88088       0.880610E-002            NaN   29.2075                 NaN            NaN            NaN            NaN
  1576.92        2500.00        66.9219       0.826991        1.88266       0.881730E-002            NaN   30.3597                 NaN            NaN            NaN            NaN
  1573.72        2500.00        65.7637       0.828105        1.88445       0.882852E-002            NaN   31.5149                 NaN            NaN            NaN            NaN
  1570.51        2500.00        64.6026       0.829221        1.88624       0.883975E-002            NaN   32.6731                 NaN            NaN            NaN            NaN
  1567.31        2500.00        63.4384       0.830338        1.88803       0.885100E-002            NaN   33.8344                 NaN            NaN            NaN            NaN
  1564.10        2500.00        62.2712       0.831457        1.88982       0.886227E-002            NaN   34.9987                 NaN            NaN            NaN            NaN
  1560.90        2500.00        61.2460       0.832450        1.89012       0.887219E-002            NaN   36.0226                 NaN            NaN            NaN            NaN
  1557.69        2500.00        60.2184       0.833444        1.89041       0.888213E-002            NaN   37.0489                 NaN            NaN            NaN            NaN
  1554.49        2500.00        59.1885       0.834440        1.89070       0.889208E-002            NaN   38.0775                 NaN            NaN            NaN            NaN
  1551.28        2500.00        58.1562       0.835437        1.89099       0.890204E-002            NaN   39.1085                 NaN            NaN            NaN            NaN
  1548.08        2500.00        57.1771       0.836370        1.88985       0.890423E-002            NaN   40.0712       0.166057E-001            NaN            NaN            NaN
  1544.87        2500.00        56.2237       0.837195        1.88239       0.887116E-002            NaN   40.9348       0.113089                 NaN            NaN            NaN
  1541.67        2500.00        55.2899       0.838003        1.87452       0.883878E-002            NaN   41.7810       0.207770                 NaN            NaN            NaN
  1538.46        2500.00        54.3544       0.838812        1.86664       0.880633E-002            NaN   42.6288       0.302632                 NaN            NaN            NaN
  1535.26        2500.00        53.4394       0.839600        1.85819       0.877251E-002            NaN   43.4536       0.400370                 NaN            NaN            NaN
  1532.05        2500.00        52.4840       0.840434        1.85053       0.874766E-002            NaN   44.0635       0.478447       0.274363                 NaN            NaN
  1528.85        2500.00        51.1214       0.841712        1.85150       0.877232E-002            NaN   43.2414       0.451614        2.48362                 NaN            NaN
  1525.64        2500.00        49.7548       0.842991        1.85247       0.879704E-002            NaN   42.4167       0.424700        4.69954                 NaN            NaN
  1522.44        2500.00        48.3562       0.844352        1.85369       0.881896E-002            NaN   41.6559       0.406186        6.87489                 NaN            NaN
  1519.23        2500.00        46.9531       0.845715        1.85492       0.884093E-002            NaN   40.8925       0.387611        9.05723                 NaN            NaN
  1516.03        2500.00        45.5458       0.847080        1.85614       0.886295E-002            NaN   40.1266       0.368977        11.2466                 NaN            NaN
  1512.82        2500.00        44.1341       0.848448        1.85736       0.888502E-002            NaN   39.3581       0.350282        13.4429                 NaN            NaN
  1509.62        2500.00        42.5562       0.850080        1.86294       0.891013E-002            NaN   38.7442       0.330817        15.2820       0.364891                 NaN
  1506.41        2500.00        40.7148       0.852109        1.87788       0.895016E-002            NaN   38.4389       0.285765        1.58596        16.2356                 NaN
  1503.21        2500.00        40.7132       0.852143        1.87788       0.894986E-002            NaN   38.4400       0.285772        1.58600        16.2361                 NaN
  1500.00        2500.00        37.2837       0.855897        1.90092       0.901966E-002            NaN   38.0765       0.213600        17.7431        3.91730                 NaN
  1496.79        2500.00        37.2821       0.855929        1.90091       0.901934E-002            NaN   38.0774       0.213605        17.7436        3.91739                 NaN
  1493.59        2500.00        37.2806       0.855961        1.90090       0.901902E-002            NaN   38.0784       0.213610        17.7440        3.91748                 NaN
  1490.38        2500.00        37.2791       0.855992        1.90089       0.901871E-002            NaN   38.0793       0.213615        17.7445        3.91757                 NaN
  1487.18        2500.00        31.2435       0.862551        1.92212       0.911631E-002            NaN   37.9311       0.146194        8.17066        19.7148                 NaN
  1483.97        2500.00        31.2422       0.862578        1.92210       0.911594E-002            NaN   37.9318       0.146197        8.17080        19.7152                 NaN
  1480.77        2500.00        31.2408       0.862606        1.92208       0.911558E-002            NaN   37.9326       0.146200        8.17095        19.7156                 NaN
  1477.56        2500.00        31.2395       0.862633        1.92206       0.911522E-002            NaN   37.9334       0.146202        8.17110        19.7161                 NaN
  1474.36        2500.00        31.2381       0.862661        1.92204       0.911485E-002            NaN   37.9341       0.146205        8.17125        19.7165                 NaN
  1471.15        2500.00        31.2368       0.862688        1.92202       0.911449E-002            NaN   37.9349       0.146208        8.17140        19.7169                 NaN
  1467.95        2500.00        31.2354       0.862716        1.92200       0.911413E-002            NaN   37.9356       0.146210        8.17155        19.7174                 NaN
  1464.74        2500.00        31.2340       0.862743        1.92198       0.911377E-002            NaN   37.9364       0.146213        8.17170        19.7178                 NaN
  1461.54        2500.00        21.7478       0.872796        1.86988       0.912983E-002            NaN   38.9100       0.362845        21.0101        15.2174                 NaN
  1458.33        2500.00        20.7594       0.873828        1.85484       0.911424E-002            NaN   39.1208       0.425058        15.9809        20.9761                 NaN
  1455.13        2500.00        19.1761       0.874956        1.84650       0.905307E-002            NaN   38.9716       0.598533        16.5511        21.5157       0.456579     
  1451.92        2500.00        19.1752       0.874976        1.84647       0.905262E-002            NaN   38.9720       0.598538        16.5512        21.5160       0.456611     
  1448.72        2500.00        16.0498       0.876795        1.82056       0.887077E-002            NaN   38.5018        1.07694        17.3622        22.6987        1.60434     
  1445.51        2500.00        16.0491       0.876812        1.82052       0.887031E-002            NaN   38.5021        1.07694        17.3624        22.6989        1.60445     
  1442.31        2500.00        16.0483       0.876828        1.82048       0.886985E-002            NaN   38.5024        1.07695        17.3625        22.6992        1.60455     
  1439.10        2500.00        16.0476       0.876845        1.82044       0.886940E-002            NaN   38.5027        1.07696        17.3626        22.6994        1.60466     
  1435.90        2500.00        11.6357       0.878730        1.71008       0.840708E-002            NaN   37.3125        2.22036        24.4902        18.3980        3.34608     
  1432.69        2500.00        11.6352       0.878743        1.71004       0.840661E-002            NaN   37.3126        2.22036        24.4903        18.3981        3.34629     
  1429.49        2500.00        11.6347       0.878756        1.71000       0.840615E-002            NaN   37.3127        2.22036        24.4905        18.3981        3.34650     
  1426.28        2500.00        11.6342       0.878769        1.70995       0.840568E-002            NaN   37.3129        2.22037        24.4906        18.3981        3.34671     
  1423.08        2500.00        11.6337       0.878781        1.70991       0.840522E-002            NaN   37.3130        2.22037        24.4908        18.3982        3.34692     
  1419.87        2500.00        11.6332       0.878794        1.70986       0.840475E-002            NaN   37.3131        2.22037        24.4909        18.3982        3.34713     
  1416.67        2500.00        11.6326       0.878807        1.70982       0.840429E-002            NaN   37.3133        2.22038        24.4911        18.3983        3.34734     
  1413.46        2500.00        11.6321       0.878820        1.70978       0.840383E-002            NaN   37.3134        2.22038        24.4912        18.3983        3.34754     
  1410.26        2500.00        6.28749       0.879046        1.33956       0.718728E-002            NaN   34.6134        5.08022        26.6219        19.3798        5.79143     
  1407.05        2500.00        5.78815       0.878874        1.28053       0.700791E-002  0.658156E-002   34.1925        5.49175        19.4435        26.8631        6.04799     
  1403.85        2500.00        5.30471       0.878639        1.21423       0.681833E-002  0.363314E-001   33.5433        5.92272        27.3120        19.4794        6.30191     
  1400.64        2500.00        5.30452       0.878647        1.21419       0.681792E-002  0.363324E-001   33.5432        5.92270        27.3120        19.4793        6.30227     
  1397.44        2500.00        4.39952       0.878059        1.07293       0.641671E-002  0.971108E-001   32.1937        6.83018        19.5188        28.2088        6.79446     
  1394.23        2500.00        4.39936       0.878066        1.07290       0.641632E-002  0.971134E-001   32.1936        6.83015        19.5187        28.2088        6.79484     
  1391.03        2500.00        4.39921       0.878074        1.07287       0.641593E-002  0.971160E-001   32.1935        6.83012        19.5187        28.2088        6.79522     
  1387.82        2500.00        4.39905       0.878081        1.07283       0.641554E-002  0.971186E-001   32.1934        6.83009        19.5186        28.2088        6.79561     
  1384.62        2500.00        2.77990       0.876478       0.753483       0.551461E-002  0.223906        29.2707        8.84566        30.0296        19.4783        7.73647     
  1381.41        2500.00        2.77981       0.876484       0.753458       0.551427E-002  0.223912        29.2706        8.84562        30.0295        19.4782        7.73690     
  1378.21        2500.00        2.77972       0.876490       0.753434       0.551393E-002  0.223917        29.2705        8.84557        30.0295        19.4781        7.73732     
  1375.00        2500.00        2.77963       0.876496       0.753409       0.551359E-002  0.223923        29.2704        8.84552        30.0294        19.4780        7.73775     
  1371.79        2500.00        1.33821       0.874336       0.378418       0.445806E-002  0.359340        25.9797        11.1741        31.9612        19.2849        8.64538     
  1368.59        2500.00        1.33817       0.874340       0.378405       0.445778E-002  0.359348        25.9795        11.1741        31.9611        19.2848        8.64584     
  1365.38        2500.00       0.663911       0.873041       0.166614       0.386071E-002  0.431170        24.1621        12.4779        32.9979        19.1294        9.09400     
  1362.18        2500.00       0.335560       0.872334       0.539219E-001  0.354249E-002  0.468243        23.2043        13.1694        19.0363        33.5386        9.31788     
  1358.97        2500.00       0.240503E-001  0.872128                 NaN  0.338653E-002  0.487863        22.7466        13.5046        33.8552        18.9911        9.51508     
  1355.77        2500.00                 NaN  0.872120                 NaN  0.337406E-002  0.483587        23.0174        13.5207        33.4683        19.0811        9.55335     
  1352.56        2500.00                 NaN  0.872087                 NaN  0.336085E-002  0.479818        23.2938        13.5365        19.1587        33.0754        9.58039     
  1349.36        2500.00                 NaN  0.872091                 NaN  0.336064E-002  0.479829        23.2936        13.5364        19.1585        33.0753        9.58089     
  1346.15        2500.00                 NaN  0.872025                 NaN  0.333497E-002  0.471798        23.8466        13.5676        32.2909        19.3154        9.63235     
  1342.95        2500.00                 NaN  0.872029                 NaN  0.333476E-002  0.471808        23.8464        13.5675        32.2908        19.3152        9.63286     
  1339.74        2500.00                 NaN  0.872032                 NaN  0.333455E-002  0.471819        23.8462        13.5674        32.2907        19.3151        9.63336     
  1336.54        2500.00                 NaN  0.872036                 NaN  0.333434E-002  0.471830        23.8461        13.5673        32.2905        19.3150        9.63387     
  1333.33        2500.00                 NaN  0.871903                 NaN  0.328420E-002  0.458910        24.8732        13.6260        19.5655        30.8666        9.73466     
  1330.13        2500.00                 NaN  0.871907                 NaN  0.328399E-002  0.458920        24.8731        13.6259        19.5653        30.8665        9.73517     
  1326.92        2500.00                 NaN  0.871910                 NaN  0.328379E-002  0.458930        24.8729        13.6258        19.5652        30.8663        9.73568     
  1323.72        2500.00                 NaN  0.871914                 NaN  0.328358E-002  0.458941        24.8727        13.6257        19.5650        30.8662        9.73620     
  1320.51        2500.00                 NaN  0.871917                 NaN  0.328337E-002  0.458951        24.8726        13.6256        19.5649        30.8661        9.73671     
  1317.31        2500.00                 NaN  0.871921                 NaN  0.328317E-002  0.458961        24.8724        13.6255        19.5647        30.8660        9.73722     
  1314.10        2500.00                 NaN  0.871924                 NaN  0.328296E-002  0.458972        24.8723        13.6254        19.5646        30.8659        9.73773     
  1310.90        2500.00                 NaN  0.871927                 NaN  0.328276E-002  0.458982        24.8721        13.6253        19.5644        30.8658        9.73824     
  1307.69        2500.00                 NaN  0.871680                 NaN  0.318614E-002  0.442449        26.6929        13.7280        28.4244        19.9097        9.92771     
  1304.49        2500.00                 NaN  0.871683                 NaN  0.318594E-002  0.442459        26.6927        13.7279        28.4243        19.9095        9.92823     
  1301.28        2500.00                 NaN  0.871686                 NaN  0.318574E-002  0.442469        26.6925        13.7278        28.4242        19.9094        9.92875     
  1298.08        2500.00                 NaN  0.871689                 NaN  0.318554E-002  0.442479        26.6924        13.7277        28.4241        19.9092        9.92927     
