|6.6.6
Archiving\03_Data\eqLP/QFM_m3.25/GRV/GRV_3.tab                            
           1
T(K)    
  0.000000000000000E+000
  0.000000000000000E+000
           0
          11
T(K)           P(bar)         melt(TH)       pxmn           Sp(TH)         O(HP)          Opx(TH)        Cpx(TH)        Cpx(TH)        an             ab            
  2000.00        500.000        99.3234       0.676641                 NaN            NaN            NaN            NaN            NaN            NaN            NaN
  1996.79        500.000        99.3233       0.676716                 NaN            NaN            NaN            NaN            NaN            NaN            NaN
  1993.59        500.000        99.3232       0.676792                 NaN            NaN            NaN            NaN            NaN            NaN            NaN
  1990.38        500.000        99.3231       0.676867                 NaN            NaN            NaN            NaN            NaN            NaN            NaN
  1987.18        500.000        99.3231       0.676943                 NaN            NaN            NaN            NaN            NaN            NaN            NaN
  1983.97        500.000        99.3230       0.677018                 NaN            NaN            NaN            NaN            NaN            NaN            NaN
  1980.77        500.000        99.3229       0.677094                 NaN            NaN            NaN            NaN            NaN            NaN            NaN
  1977.56        500.000        99.3228       0.677169                 NaN            NaN            NaN            NaN            NaN            NaN            NaN
  1974.36        500.000        99.3228       0.677245                 NaN            NaN            NaN            NaN            NaN            NaN            NaN
  1971.15        500.000        99.3227       0.677321                 NaN            NaN            NaN            NaN            NaN            NaN            NaN
  1967.95        500.000        99.3226       0.677396                 NaN            NaN            NaN            NaN            NaN            NaN            NaN
  1964.74        500.000        99.3225       0.677472                 NaN            NaN            NaN            NaN            NaN            NaN            NaN
  1961.54        500.000        99.3225       0.677548                 NaN            NaN            NaN            NaN            NaN            NaN            NaN
  1958.33        500.000        99.3224       0.677624                 NaN            NaN            NaN            NaN            NaN            NaN            NaN
  1955.13        500.000        99.3223       0.677700                 NaN            NaN            NaN            NaN            NaN            NaN            NaN
  1951.92        500.000        99.3222       0.677776                 NaN            NaN            NaN            NaN            NaN            NaN            NaN
  1948.72        500.000        99.3221       0.677852                 NaN            NaN            NaN            NaN            NaN            NaN            NaN
  1945.51        500.000        99.3221       0.677928                 NaN            NaN            NaN            NaN            NaN            NaN            NaN
  1942.31        500.000        99.3220       0.678004                 NaN            NaN            NaN            NaN            NaN            NaN            NaN
  1939.10        500.000        99.3219       0.678081                 NaN            NaN            NaN            NaN            NaN            NaN            NaN
  1935.90        500.000        99.3218       0.678157                 NaN            NaN            NaN            NaN            NaN            NaN            NaN
  1932.69        500.000        99.3218       0.678233                 NaN            NaN            NaN            NaN            NaN            NaN            NaN
  1929.49        500.000        99.3217       0.678310                 NaN            NaN            NaN            NaN            NaN            NaN            NaN
  1926.28        500.000        99.3216       0.678386                 NaN            NaN            NaN            NaN            NaN            NaN            NaN
  1923.08        500.000        99.3215       0.678463                 NaN            NaN            NaN            NaN            NaN            NaN            NaN
  1919.87        500.000        99.3215       0.678540                 NaN            NaN            NaN            NaN            NaN            NaN            NaN
  1916.67        500.000        99.3214       0.678616                 NaN            NaN            NaN            NaN            NaN            NaN            NaN
  1913.46        500.000        99.3213       0.678693                 NaN            NaN            NaN            NaN            NaN            NaN            NaN
  1910.26        500.000        99.3212       0.678770                 NaN            NaN            NaN            NaN            NaN            NaN            NaN
  1907.05        500.000        99.3212       0.678846                 NaN            NaN            NaN            NaN            NaN            NaN            NaN
  1903.85        500.000        99.3211       0.678923                 NaN            NaN            NaN            NaN            NaN            NaN            NaN
  1900.64        500.000        99.3210       0.679000                 NaN            NaN            NaN            NaN            NaN            NaN            NaN
  1897.44        500.000        99.3209       0.679077                 NaN            NaN            NaN            NaN            NaN            NaN            NaN
  1894.23        500.000        99.3208       0.679154                 NaN            NaN            NaN            NaN            NaN            NaN            NaN
  1891.03        500.000        99.3208       0.679231                 NaN            NaN            NaN            NaN            NaN            NaN            NaN
  1887.82        500.000        99.3207       0.679308                 NaN            NaN            NaN            NaN            NaN            NaN            NaN
  1884.62        500.000        99.3206       0.679386                 NaN            NaN            NaN            NaN            NaN            NaN            NaN
  1881.41        500.000        99.3205       0.679463                 NaN            NaN            NaN            NaN            NaN            NaN            NaN
  1878.21        500.000        99.3205       0.679540                 NaN            NaN            NaN            NaN            NaN            NaN            NaN
  1875.00        500.000        99.3204       0.679618                 NaN            NaN            NaN            NaN            NaN            NaN            NaN
  1871.79        500.000        99.3203       0.679695                 NaN            NaN            NaN            NaN            NaN            NaN            NaN
  1868.59        500.000        99.3202       0.679772                 NaN            NaN            NaN            NaN            NaN            NaN            NaN
  1865.38        500.000        99.3202       0.679850                 NaN            NaN            NaN            NaN            NaN            NaN            NaN
  1862.18        500.000        99.3201       0.679927                 NaN            NaN            NaN            NaN            NaN            NaN            NaN
  1858.97        500.000        99.3200       0.680005                 NaN            NaN            NaN            NaN            NaN            NaN            NaN
  1855.77        500.000        99.3199       0.680083                 NaN            NaN            NaN            NaN            NaN            NaN            NaN
  1852.56        500.000        99.3198       0.680160                 NaN            NaN            NaN            NaN            NaN            NaN            NaN
  1849.36        500.000        99.3198       0.680238                 NaN            NaN            NaN            NaN            NaN            NaN            NaN
  1846.15        500.000        99.3197       0.680316                 NaN            NaN            NaN            NaN            NaN            NaN            NaN
  1842.95        500.000        99.3196       0.680394                 NaN            NaN            NaN            NaN            NaN            NaN            NaN
  1839.74        500.000        99.3195       0.680472                 NaN            NaN            NaN            NaN            NaN            NaN            NaN
  1836.54        500.000        99.3195       0.680550                 NaN            NaN            NaN            NaN            NaN            NaN            NaN
  1833.33        500.000        99.3194       0.680628                 NaN            NaN            NaN            NaN            NaN            NaN            NaN
  1830.13        500.000        99.3193       0.680706                 NaN            NaN            NaN            NaN            NaN            NaN            NaN
  1826.92        500.000        99.3192       0.680784                 NaN            NaN            NaN            NaN            NaN            NaN            NaN
  1823.72        500.000        99.3191       0.680862                 NaN            NaN            NaN            NaN            NaN            NaN            NaN
  1820.51        500.000        99.3191       0.680940                 NaN            NaN            NaN            NaN            NaN            NaN            NaN
  1817.31        500.000        99.3190       0.681019                 NaN            NaN            NaN            NaN            NaN            NaN            NaN
  1814.10        500.000        99.3189       0.681097                 NaN            NaN            NaN            NaN            NaN            NaN            NaN
  1810.90        500.000        99.3188       0.681175                 NaN            NaN            NaN            NaN            NaN            NaN            NaN
  1807.69        500.000        99.3187       0.681254                 NaN            NaN            NaN            NaN            NaN            NaN            NaN
  1804.49        500.000        99.3166       0.681335       0.202826E-002            NaN            NaN            NaN            NaN            NaN            NaN
  1801.28        500.000        99.3149       0.681416       0.372878E-002            NaN            NaN            NaN            NaN            NaN            NaN
  1798.08        500.000        99.3013       0.681515       0.171728E-001            NaN            NaN            NaN            NaN            NaN            NaN
  1794.87        500.000        99.2878       0.681613       0.306210E-001            NaN            NaN            NaN            NaN            NaN            NaN
  1791.67        500.000        99.2748       0.681711       0.434792E-001            NaN            NaN            NaN            NaN            NaN            NaN
  1788.46        500.000        99.2618       0.681809       0.563414E-001            NaN            NaN            NaN            NaN            NaN            NaN
  1785.26        500.000        99.2489       0.681906       0.692074E-001            NaN            NaN            NaN            NaN            NaN            NaN
  1782.05        500.000        99.2359       0.682004       0.820773E-001            NaN            NaN            NaN            NaN            NaN            NaN
  1778.85        500.000        99.2229       0.682102       0.949510E-001            NaN            NaN            NaN            NaN            NaN            NaN
  1775.64        500.000        99.2100       0.682199       0.107829                 NaN            NaN            NaN            NaN            NaN            NaN
  1772.44        500.000        99.1970       0.682297       0.120710                 NaN            NaN            NaN            NaN            NaN            NaN
  1769.23        500.000        99.1840       0.682395       0.133596                 NaN            NaN            NaN            NaN            NaN            NaN
  1766.03        500.000        99.1717       0.682492       0.145853                 NaN            NaN            NaN            NaN            NaN            NaN
  1762.82        500.000        99.1593       0.682589       0.158115                 NaN            NaN            NaN            NaN            NaN            NaN
  1759.62        500.000        98.5292       0.682921       0.170382       0.617478                 NaN            NaN            NaN            NaN            NaN
  1756.41        500.000        97.7552       0.683306       0.182653        1.37886                 NaN            NaN            NaN            NaN            NaN
  1753.21        500.000        96.9760       0.683691       0.194564        2.14574                 NaN            NaN            NaN            NaN            NaN
  1750.00        500.000        96.1960       0.684075       0.206487        2.91345                 NaN            NaN            NaN            NaN            NaN
  1746.79        500.000        95.4151       0.684456       0.218423        3.68198                 NaN            NaN            NaN            NaN            NaN
  1743.59        500.000        94.6335       0.684836       0.230372        4.45133                 NaN            NaN            NaN            NaN            NaN
  1740.38        500.000        93.8453       0.685215       0.241646        5.22787                 NaN            NaN            NaN            NaN            NaN
  1737.18        500.000        93.0562       0.685593       0.252931        6.00523                 NaN            NaN            NaN            NaN            NaN
  1733.97        500.000        92.2664       0.685968       0.264228        6.78340                 NaN            NaN            NaN            NaN            NaN
  1730.77        500.000        91.4758       0.686342       0.275537        7.56236                 NaN            NaN            NaN            NaN            NaN
  1727.56        500.000        90.6843       0.686713       0.286857        8.34212                 NaN            NaN            NaN            NaN            NaN
  1724.36        500.000        89.8921       0.687082       0.298188        9.12267                 NaN            NaN            NaN            NaN            NaN
  1721.15        500.000        89.0990       0.687449       0.309531        9.90399                 NaN            NaN            NaN            NaN            NaN
  1717.95        500.000        88.3052       0.687813       0.320885        10.6861                 NaN            NaN            NaN            NaN            NaN
  1714.74        500.000        87.5180       0.688173       0.331325        11.4625                 NaN            NaN            NaN            NaN            NaN
  1711.54        500.000        86.7301       0.688530       0.341774        12.2396                 NaN            NaN            NaN            NaN            NaN
  1708.33        500.000        85.9414       0.688884       0.352234        13.0175                 NaN            NaN            NaN            NaN            NaN
  1705.13        500.000        85.1519       0.689236       0.362703        13.7961                 NaN            NaN            NaN            NaN            NaN
  1701.92        500.000        84.3618       0.689586       0.373181        14.5754                 NaN            NaN            NaN            NaN            NaN
  1698.72        500.000        83.5710       0.689933       0.383668        15.3554                 NaN            NaN            NaN            NaN            NaN
  1695.51        500.000        82.7794       0.690278       0.394165        16.1362                 NaN            NaN            NaN            NaN            NaN
  1692.31        500.000        81.9871       0.690620       0.404670        16.9176                 NaN            NaN            NaN            NaN            NaN
  1689.10        500.000        81.2278       0.690946       0.414327        17.6669                 NaN            NaN            NaN            NaN            NaN
  1685.90        500.000        80.4679       0.691270       0.423992        18.4168                 NaN            NaN            NaN            NaN            NaN
  1682.69        500.000        79.7074       0.691591       0.433664        19.1673                 NaN            NaN            NaN            NaN            NaN
  1679.49        500.000        78.9463       0.691910       0.443343        19.9184                 NaN            NaN            NaN            NaN            NaN
  1676.28        500.000        78.1846       0.692226       0.453029        20.6701                 NaN            NaN            NaN            NaN            NaN
  1673.08        500.000        77.4223       0.692540       0.462723        21.4224                 NaN            NaN            NaN            NaN            NaN
  1669.87        500.000        76.6595       0.692850       0.472423        22.1753                 NaN            NaN            NaN            NaN            NaN
  1666.67        500.000        75.8961       0.693158       0.482130        22.9286                 NaN            NaN            NaN            NaN            NaN
  1663.46        500.000        75.1910       0.693442       0.491026        23.6245                 NaN            NaN            NaN            NaN            NaN
  1660.26        500.000        74.4855       0.693723       0.499927        24.3208                 NaN            NaN            NaN            NaN            NaN
  1657.05        500.000        73.7796       0.694002       0.508834        25.0175                 NaN            NaN            NaN            NaN            NaN
  1653.85        500.000        73.0733       0.694278       0.517746        25.7147                 NaN            NaN            NaN            NaN            NaN
  1650.64        500.000        72.3665       0.694551       0.526662        26.4123                 NaN            NaN            NaN            NaN            NaN
  1647.44        500.000        71.6592       0.694822       0.535584        27.1103                 NaN            NaN            NaN            NaN            NaN
  1644.23        500.000        70.9516       0.695090       0.544510        27.8088                 NaN            NaN            NaN            NaN            NaN
  1641.03        500.000        70.2436       0.695355       0.553441        28.5076                 NaN            NaN            NaN            NaN            NaN
  1637.82        500.000        69.5866       0.695591       0.562031        29.1558                 NaN            NaN            NaN            NaN            NaN
  1634.62        500.000        68.9292       0.695824       0.570623        29.8043                 NaN            NaN            NaN            NaN            NaN
  1631.41        500.000        68.2726       0.696083       0.578565        30.4528                 NaN            NaN            NaN            NaN            NaN
  1628.21        500.000        67.5857       0.696369       0.586651        31.0594       0.719049E-001            NaN            NaN            NaN            NaN
  1625.00        500.000        65.9194       0.697801       0.590285        31.0970        1.69546                 NaN            NaN            NaN            NaN
  1621.79        500.000        64.2464       0.699238       0.593933        31.1348        3.32564                 NaN            NaN            NaN            NaN
  1618.59        500.000        62.5666       0.700680       0.597594        31.1726        4.96249                 NaN            NaN            NaN            NaN
  1615.38        500.000        60.8801       0.702125       0.601269        31.2105        6.60603                 NaN            NaN            NaN            NaN
  1612.18        500.000        59.4978       0.703348       0.601815        31.2047        7.99241                 NaN            NaN            NaN            NaN
  1608.97        500.000        58.1108       0.704575       0.602361        31.1987        9.38355                 NaN            NaN            NaN            NaN
  1605.77        500.000        56.7191       0.705804       0.602908        31.1927        10.7795                 NaN            NaN            NaN            NaN
  1602.56        500.000        55.3226       0.707036       0.603457        31.1867        12.1802                 NaN            NaN            NaN            NaN
  1599.36        500.000        53.9214       0.708271       0.604006        31.1805        13.5858                 NaN            NaN            NaN            NaN
  1596.15        500.000        52.5154       0.709510       0.604556        31.1743        14.9962                 NaN            NaN            NaN            NaN
  1592.95        500.000        51.1046       0.710751       0.605107        31.1680        16.4115                 NaN            NaN            NaN            NaN
  1589.74        500.000        49.6890       0.711996       0.605659        31.1616        17.8317                 NaN            NaN            NaN            NaN
  1586.54        500.000        48.5349       0.713046       0.602209        31.1309        19.0189                 NaN            NaN            NaN            NaN
  1583.33        500.000        47.3775       0.714099       0.598748        31.1000        20.2096                 NaN            NaN            NaN            NaN
  1580.13        500.000        46.2168       0.715154       0.595277        31.0691        21.4037                 NaN            NaN            NaN            NaN
  1576.92        500.000        45.0528       0.716211       0.591794        31.0379        22.6013                 NaN            NaN            NaN            NaN
  1573.72        500.000        43.8854       0.717270       0.588301        31.0067        23.8023                 NaN            NaN            NaN            NaN
  1570.51        500.000        42.7147       0.718332       0.584796        30.9753        25.0068                 NaN            NaN            NaN            NaN
  1567.31        500.000        41.5407       0.719396       0.581280        30.9438        26.2148                 NaN            NaN            NaN            NaN
  1564.10        500.000        40.3633       0.720462       0.577753        30.9122        27.4263                 NaN            NaN            NaN            NaN
  1560.90        500.000        39.2985       0.721447       0.568705        30.8819        28.5294                 NaN            NaN            NaN            NaN
  1557.69        500.000        38.2310       0.722433       0.559631        30.8516        29.6354                 NaN            NaN            NaN            NaN
  1554.49        500.000        37.1607       0.723422       0.550532        30.8211        30.7443                 NaN            NaN            NaN            NaN
  1551.28        500.000        36.0875       0.724413       0.541408        30.7905        31.8561                 NaN            NaN            NaN            NaN
  1548.08        500.000        35.0116       0.725406       0.532258        30.7598        32.9709                 NaN            NaN            NaN            NaN
  1544.87        500.000        33.9328       0.726401       0.523082        30.7290        34.0887                 NaN            NaN            NaN            NaN
  1541.67        500.000        32.8512       0.727397       0.513880        30.6981        35.2094                 NaN            NaN            NaN            NaN
  1538.46        500.000        31.7668       0.728396       0.504653        30.6670        36.3332                 NaN            NaN            NaN            NaN
  1535.26        500.000        30.6907       0.729392       0.490909        30.6488        37.4402                 NaN            NaN            NaN            NaN
  1532.05        500.000        29.4166       0.730570       0.487530        30.6178        37.4245        1.32295                 NaN            NaN            NaN
  1528.85        500.000        27.9724       0.731923       0.486959        30.5937        36.9599        3.25513                 NaN            NaN            NaN
  1525.64        500.000        26.5230       0.733280       0.486387        30.5694        36.4935        5.19443                 NaN            NaN            NaN
  1522.44        500.000        24.9703       0.734751       0.466149        30.6219        37.5299        4.45870        1.21828                 NaN            NaN
  1519.23        500.000        23.4673       0.736193       0.443621        30.6748        38.5709        3.66306        2.44409                 NaN            NaN
  1516.03        500.000        23.4662       0.736214       0.443638        30.6753        38.5715        3.66311        2.44412                 NaN            NaN
  1512.82        500.000        20.7572       0.738812       0.403363        30.7611        40.0329        2.85752        4.44913                 NaN            NaN
  1509.62        500.000        20.7562       0.738831       0.403378        30.7615        40.0334        2.85755        4.44918                 NaN            NaN
  1506.41        500.000        20.7552       0.738851       0.403393        30.7619        40.0339        2.85759        4.44923                 NaN            NaN
  1503.21        500.000        20.7541       0.738871       0.403409        30.7623        40.0344        2.85763        4.44928                 NaN            NaN
  1500.00        500.000        20.7531       0.738891       0.403424        30.7627        40.0349        2.85766        4.44933                 NaN            NaN
  1496.79        500.000        20.7520       0.738911       0.403439        30.7631        40.0354        2.85770        4.44938                 NaN            NaN
  1493.59        500.000        20.7510       0.738930       0.403454        30.7635        40.0359        2.85774        4.44943                 NaN            NaN
  1490.38        500.000        20.7499       0.738950       0.403469        30.7640        40.0365        2.85778        4.44948                 NaN            NaN
  1487.18        500.000        13.0003       0.746432       0.310755        30.8512        41.0204        4.97620        9.09465                 NaN            NaN
  1483.97        500.000        12.9997       0.746448       0.310765        30.8515        41.0207        4.97624        9.09471                 NaN            NaN
  1480.77        500.000        12.9990       0.746463       0.310776        30.8517        41.0210        4.97628        9.09476                 NaN            NaN
  1477.56        500.000        12.9984       0.746479       0.310786        30.8519        41.0213        4.97632        9.09481                 NaN            NaN
  1474.36        500.000        12.9977       0.746494       0.310796        30.8522        41.0216        4.97636        9.09487                 NaN            NaN
  1471.15        500.000        12.9970       0.746510       0.310806        30.8524        41.0219        4.97640        9.09492                 NaN            NaN
  1467.95        500.000        12.9964       0.746525       0.310817        30.8526        41.0222        4.97644        9.09498                 NaN            NaN
  1464.74        500.000        12.9957       0.746541       0.310827        30.8529        41.0225        4.97649        9.09503                 NaN            NaN
  1461.54        500.000        8.30851       0.751281       0.257664        30.7749        40.9578        11.9024        7.04745                 NaN            NaN
  1458.33        500.000        8.30813       0.751293       0.257672        30.7750        40.9580        11.9025        7.04748                 NaN            NaN
  1455.13        500.000        8.30774       0.751306       0.257680        30.7751        40.9581        11.9025        7.04752                 NaN            NaN
  1451.92        500.000        8.30736       0.751319       0.257687        30.7752        40.9583        11.9025        7.04756                 NaN            NaN
  1448.72        500.000        8.30697       0.751332       0.257695        30.7754        40.9585        11.9025        7.04760                 NaN            NaN
  1445.51        500.000        8.30659       0.751344       0.257703        30.7755        40.9587        11.9026        7.04764                 NaN            NaN
  1442.31        500.000        8.30620       0.751357       0.257711        30.7756        40.9588        11.9026        7.04768                 NaN            NaN
  1439.10        500.000        8.30581       0.751370       0.257719        30.7757        40.9590        11.9026        7.04772                 NaN            NaN
  1435.90        500.000        5.47541       0.754466       0.226518        30.6482        41.3308        13.8702        7.69450                 NaN            NaN
  1432.69        500.000        5.47520       0.754477       0.226525        30.6482        41.3309        13.8702        7.69453                 NaN            NaN
  1429.49        500.000        5.47498       0.754488       0.226531        30.6483        41.3310        13.8702        7.69456                 NaN            NaN
  1426.28        500.000        5.47476       0.754499       0.226538        30.6483        41.3311        13.8702        7.69460                 NaN            NaN
  1423.08        500.000        5.47454       0.754510       0.226544        30.6484        41.3312        13.8702        7.69463                 NaN            NaN
  1419.87        500.000        5.47432       0.754521       0.226551        30.6484        41.3313        13.8702        7.69466                 NaN            NaN
  1416.67        500.000        5.47410       0.754532       0.226557        30.6485        41.3314        13.8702        7.69469                 NaN            NaN
  1413.46        500.000        5.47388       0.754543       0.226564        30.6486        41.3315        13.8703        7.69472                 NaN            NaN
  1410.26        500.000        3.63202       0.756755       0.217986        30.4909        41.7983        15.2995        7.80452                 NaN            NaN
  1407.05        500.000        3.63190       0.756765       0.217993        30.4910        41.7983        15.2995        7.80455                 NaN            NaN
  1403.85        500.000        3.63178       0.756775       0.217999        30.4910        41.7984        15.2995        7.80457                 NaN            NaN
  1400.64        500.000        3.63167       0.756785       0.218005        30.4910        41.7985        15.2995        7.80460                 NaN            NaN
  1397.44        500.000        3.63155       0.756794       0.218011        30.4910        41.7985        15.2995        7.80463                 NaN            NaN
  1394.23        500.000        3.63143       0.756804       0.218017        30.4910        41.7986        15.2995        7.80466                 NaN            NaN
  1391.03        500.000        3.63131       0.756814       0.218023        30.4910        41.7987        15.2995        7.80468                 NaN            NaN
  1387.82        500.000        3.63118       0.756824       0.218029        30.4910        41.7987        15.2995        7.80471                 NaN            NaN
  1384.62        500.000        2.31539       0.758574       0.227542        30.3114        42.2575        7.73788        16.3916                 NaN            NaN
  1381.41        500.000        2.31533       0.758583       0.227549        30.3114        42.2576        7.73790        16.3916                 NaN            NaN
  1378.21        500.000        2.31527       0.758592       0.227555        30.3114        42.2576        7.73793        16.3916                 NaN            NaN
  1375.00        500.000        2.31521       0.758602       0.227561        30.3114        42.2577        7.73795        16.3916                 NaN            NaN
  1371.79        500.000        2.31515       0.758611       0.227568        30.3114        42.2577        7.73798        16.3916                 NaN            NaN
  1368.59        500.000        2.31508       0.758620       0.227574        30.3114        42.2578        7.73800        16.3916                 NaN            NaN
  1365.38        500.000        2.31502       0.758629       0.227580        30.3113        42.2578        7.73803        16.3916                 NaN            NaN
  1362.18        500.000        2.31496       0.758638       0.227587        30.3113        42.2579        7.73806        16.3916                 NaN            NaN
  1358.97        500.000        1.28722       0.760144       0.251793        30.1119        42.6873        7.63175        17.2699                 NaN            NaN
  1355.77        500.000        1.28719       0.760153       0.251800        30.1119        42.6874        7.63177        17.2699                 NaN            NaN
  1352.56        500.000        1.28716       0.760161       0.251806        30.1118        42.6874        7.63180        17.2698                 NaN            NaN
  1349.36        500.000        1.28714       0.760170       0.251813        30.1118        42.6874        7.63182        17.2698                 NaN            NaN
  1346.15        500.000        1.28711       0.760178       0.251820        30.1118        42.6875        7.63185        17.2698                 NaN            NaN
  1342.95        500.000        1.28708       0.760187       0.251827        30.1117        42.6875        7.63187        17.2698                 NaN            NaN
  1339.74        500.000        1.28706       0.760195       0.251834        30.1117        42.6876        7.63190        17.2698                 NaN            NaN
  1336.54        500.000        1.28703       0.760204       0.251841        30.1116        42.6876        7.63192        17.2698                 NaN            NaN
  1333.33        500.000       0.423758       0.761572       0.288617        29.8910        43.1205        17.9967        7.51787                 NaN            NaN
  1330.13        500.000       0.423752       0.761580       0.288625        29.8910        43.1205        17.9967        7.51789                 NaN            NaN
  1326.92        500.000       0.423745       0.761588       0.288633        29.8909        43.1205        17.9966        7.51792                 NaN            NaN
  1323.72        500.000       0.423738       0.761596       0.288641        29.8909        43.1206        17.9966        7.51794                 NaN            NaN
  1320.51        500.000       0.261511E-001  0.762266       0.311371        29.7735        43.3015        18.3406        7.48460                 NaN            NaN
  1317.31        500.000                 NaN  0.762336       0.314016        29.7697        43.3680        18.3631        7.42275                 NaN            NaN
  1314.10        500.000                 NaN  0.762341       0.321875        29.7580        43.4028        18.3798        7.37530                 NaN            NaN
  1310.90        500.000                 NaN  0.762349       0.321883        29.7579        43.4028        18.3797        7.37532                 NaN            NaN
  1307.69        500.000                 NaN  0.762374       0.332847        29.7489        43.4986        18.3927        7.26446                 NaN            NaN
  1304.49        500.000                 NaN  0.762382       0.332856        29.7489        43.4987        18.3927        7.26448                 NaN            NaN
  1301.28        500.000                 NaN  0.762390       0.332865        29.7488        43.4987        18.3927        7.26451                 NaN            NaN
  1298.08        500.000                 NaN  0.762397       0.332874        29.7488        43.4987        18.3927        7.26454                 NaN            NaN
  1294.87        500.000                 NaN  0.762405       0.332883        29.7487        43.4988        18.3926        7.26456                 NaN            NaN
  1291.67        500.000                 NaN  0.762413       0.332892        29.7487        43.4988        18.3926        7.26459                 NaN            NaN
  1288.46        500.000                 NaN  0.762420       0.332901        29.7486        43.4989        18.3926        7.26461                 NaN            NaN
  1285.26        500.000                 NaN  0.762428       0.332910        29.7485        43.4989        18.3926        7.26464                 NaN            NaN
  1282.05        500.000                 NaN  0.762508       0.377748        29.7128        43.8525        18.4639        6.83058                 NaN            NaN
  1278.85        500.000                 NaN  0.762516       0.377758        29.7127        43.8526        18.4638        6.83060                 NaN            NaN
  1275.64        500.000                 NaN  0.762540       0.390308        29.7015        43.9307        18.4805        6.73440                 NaN            NaN
  1272.44        500.000                 NaN  0.762540       0.396350        29.7006        43.9557        18.4747        6.69935       0.107651E-001            NaN
  1269.23        500.000                 NaN  0.762530       0.401897        29.7026        43.9749        18.4644        6.66506       0.285670E-001            NaN
  1266.03        500.000                 NaN  0.762537       0.401908        29.7026        43.9749        18.4644        6.66509       0.285686E-001            NaN
  1262.82        500.000                 NaN  0.762545       0.401919        29.7025        43.9750        18.4644        6.66512       0.285703E-001            NaN
  1259.62        500.000                 NaN  0.762552       0.401930        29.7024        43.9750        18.4643        6.66514       0.285720E-001            NaN
  1256.41        500.000                 NaN  0.762497       0.423390        29.7142        44.0496        6.53139        18.4199       0.989980E-001            NaN
  1253.21        500.000                 NaN  0.762504       0.423401        29.7141        44.0497        6.53142        18.4199       0.990039E-001            NaN
  1250.00        500.000                 NaN  0.762511       0.423412        29.7141        44.0497        6.53145        18.4199       0.990097E-001            NaN
  1246.79        500.000                 NaN  0.762518       0.423424        29.7140        44.0498        6.53147        18.4198       0.990155E-001            NaN
  1243.59        500.000                 NaN  0.762525       0.423435        29.7139        44.0498        6.53150        18.4198       0.990214E-001            NaN
  1240.38        500.000                 NaN  0.762533       0.423446        29.7138        44.0498        6.53153        18.4198       0.990272E-001            NaN
  1237.18        500.000                 NaN  0.762540       0.423457        29.7138        44.0499        6.53155        18.4197       0.990330E-001            NaN
  1233.97        500.000                 NaN  0.762547       0.423468        29.7137        44.0499        6.53158        18.4197       0.990389E-001            NaN
