|6.6.6
Archiving\03_Data\eqLP/QFM_m0.25/Y98/Y98_1.tab                            
           1
T(K)    
  0.000000000000000E+000
  0.000000000000000E+000
           0
          11
T(K)           P(bar)         melt(TH)       pxmn           Ni             O(HP)          Sp(TH)         Opx(TH)        Cpx(TH)        Cpx(TH)        an            
  2000.00        500.000        99.0141       0.962284       0.236191E-001            NaN            NaN            NaN            NaN            NaN            NaN
  1996.79        500.000        99.0141       0.962282       0.236190E-001            NaN            NaN            NaN            NaN            NaN            NaN
  1993.59        500.000        99.0141       0.962280       0.236190E-001            NaN            NaN            NaN            NaN            NaN            NaN
  1990.38        500.000        99.0141       0.962278       0.236189E-001            NaN            NaN            NaN            NaN            NaN            NaN
  1987.18        500.000        99.0141       0.962276       0.236189E-001            NaN            NaN            NaN            NaN            NaN            NaN
  1983.97        500.000        99.0141       0.962274       0.236188E-001            NaN            NaN            NaN            NaN            NaN            NaN
  1980.77        500.000        99.0141       0.962272       0.236188E-001            NaN            NaN            NaN            NaN            NaN            NaN
  1977.56        500.000        99.0141       0.962269       0.236187E-001            NaN            NaN            NaN            NaN            NaN            NaN
  1974.36        500.000        99.0141       0.962267       0.236187E-001            NaN            NaN            NaN            NaN            NaN            NaN
  1971.15        500.000        99.0141       0.962265       0.236186E-001            NaN            NaN            NaN            NaN            NaN            NaN
  1967.95        500.000        99.0141       0.962263       0.236186E-001            NaN            NaN            NaN            NaN            NaN            NaN
  1964.74        500.000        99.0141       0.962260       0.236185E-001            NaN            NaN            NaN            NaN            NaN            NaN
  1961.54        500.000        99.0141       0.962258       0.236184E-001            NaN            NaN            NaN            NaN            NaN            NaN
  1958.33        500.000        99.0141       0.962255       0.236184E-001            NaN            NaN            NaN            NaN            NaN            NaN
  1955.13        500.000        99.0141       0.962253       0.236183E-001            NaN            NaN            NaN            NaN            NaN            NaN
  1951.92        500.000        99.0141       0.962251       0.236183E-001            NaN            NaN            NaN            NaN            NaN            NaN
  1948.72        500.000        99.0141       0.962248       0.236182E-001            NaN            NaN            NaN            NaN            NaN            NaN
  1945.51        500.000        99.0141       0.962246       0.236182E-001            NaN            NaN            NaN            NaN            NaN            NaN
  1942.31        500.000        99.0141       0.962243       0.236181E-001            NaN            NaN            NaN            NaN            NaN            NaN
  1939.10        500.000        99.0141       0.962240       0.236180E-001            NaN            NaN            NaN            NaN            NaN            NaN
  1935.90        500.000        99.0141       0.962238       0.236180E-001            NaN            NaN            NaN            NaN            NaN            NaN
  1932.69        500.000        99.0141       0.962235       0.236179E-001            NaN            NaN            NaN            NaN            NaN            NaN
  1929.49        500.000        99.0141       0.962233       0.236178E-001            NaN            NaN            NaN            NaN            NaN            NaN
  1926.28        500.000        99.0142       0.962230       0.236178E-001            NaN            NaN            NaN            NaN            NaN            NaN
  1923.08        500.000        99.0142       0.962227       0.236177E-001            NaN            NaN            NaN            NaN            NaN            NaN
  1919.87        500.000        99.0142       0.962225       0.236176E-001            NaN            NaN            NaN            NaN            NaN            NaN
  1916.67        500.000        99.0142       0.962222       0.236176E-001            NaN            NaN            NaN            NaN            NaN            NaN
  1913.46        500.000        99.0142       0.962219       0.236175E-001            NaN            NaN            NaN            NaN            NaN            NaN
  1910.26        500.000        99.0142       0.962216       0.236174E-001            NaN            NaN            NaN            NaN            NaN            NaN
  1907.05        500.000        99.0142       0.962213       0.236174E-001            NaN            NaN            NaN            NaN            NaN            NaN
  1903.85        500.000        99.0142       0.962210       0.236173E-001            NaN            NaN            NaN            NaN            NaN            NaN
  1900.64        500.000        99.0142       0.962207       0.236172E-001            NaN            NaN            NaN            NaN            NaN            NaN
  1897.44        500.000        99.0142       0.962204       0.236171E-001            NaN            NaN            NaN            NaN            NaN            NaN
  1894.23        500.000        99.0142       0.962201       0.236171E-001            NaN            NaN            NaN            NaN            NaN            NaN
  1891.03        500.000        99.0142       0.962198       0.236170E-001            NaN            NaN            NaN            NaN            NaN            NaN
  1887.82        500.000        99.0142       0.962195       0.236169E-001            NaN            NaN            NaN            NaN            NaN            NaN
  1884.62        500.000        99.0142       0.962192       0.236168E-001            NaN            NaN            NaN            NaN            NaN            NaN
  1881.41        500.000        99.0142       0.962189       0.236168E-001            NaN            NaN            NaN            NaN            NaN            NaN
  1878.21        500.000        99.0142       0.962186       0.236167E-001            NaN            NaN            NaN            NaN            NaN            NaN
  1875.00        500.000        99.0142       0.962182       0.236166E-001            NaN            NaN            NaN            NaN            NaN            NaN
  1871.79        500.000        99.0142       0.962179       0.236165E-001            NaN            NaN            NaN            NaN            NaN            NaN
  1868.59        500.000        99.0142       0.962176       0.236164E-001            NaN            NaN            NaN            NaN            NaN            NaN
  1865.38        500.000        99.0142       0.962173       0.236164E-001            NaN            NaN            NaN            NaN            NaN            NaN
  1862.18        500.000        99.0142       0.962169       0.236163E-001            NaN            NaN            NaN            NaN            NaN            NaN
  1858.97        500.000        99.0142       0.962166       0.236162E-001            NaN            NaN            NaN            NaN            NaN            NaN
  1855.77        500.000        99.0142       0.962162       0.236161E-001            NaN            NaN            NaN            NaN            NaN            NaN
  1852.56        500.000        98.9207       0.962099                 NaN  0.117217                 NaN            NaN            NaN            NaN            NaN
  1849.36        500.000        98.9194       0.962096                 NaN  0.118520                 NaN            NaN            NaN            NaN            NaN
  1846.15        500.000        98.9181       0.962092                 NaN  0.119823                 NaN            NaN            NaN            NaN            NaN
  1842.95        500.000        98.9167       0.962088                 NaN  0.121232                 NaN            NaN            NaN            NaN            NaN
  1839.74        500.000        98.9153       0.962085                 NaN  0.122641                 NaN            NaN            NaN            NaN            NaN
  1836.54        500.000        98.9139       0.962081                 NaN  0.124050                 NaN            NaN            NaN            NaN            NaN
  1833.33        500.000        98.9125       0.962077                 NaN  0.125459                 NaN            NaN            NaN            NaN            NaN
  1830.13        500.000        98.9111       0.962074                 NaN  0.126868                 NaN            NaN            NaN            NaN            NaN
  1826.92        500.000        98.9097       0.962070                 NaN  0.128277                 NaN            NaN            NaN            NaN            NaN
  1823.72        500.000        98.9082       0.962066                 NaN  0.129686                 NaN            NaN            NaN            NaN            NaN
  1820.51        500.000        98.9068       0.962062                 NaN  0.131095                 NaN            NaN            NaN            NaN            NaN
  1817.31        500.000        98.9049       0.962058                 NaN  0.133050                 NaN            NaN            NaN            NaN            NaN
  1814.10        500.000        98.9029       0.962054                 NaN  0.135006                 NaN            NaN            NaN            NaN            NaN
  1810.90        500.000        98.9010       0.962050                 NaN  0.136961                 NaN            NaN            NaN            NaN            NaN
  1807.69        500.000        98.8990       0.962046                 NaN  0.138916                 NaN            NaN            NaN            NaN            NaN
  1804.49        500.000        98.8971       0.962042                 NaN  0.140871                 NaN            NaN            NaN            NaN            NaN
  1801.28        500.000        98.8951       0.962038                 NaN  0.142826                 NaN            NaN            NaN            NaN            NaN
  1798.08        500.000        98.8932       0.962034                 NaN  0.144781                 NaN            NaN            NaN            NaN            NaN
  1794.87        500.000        98.8912       0.962030                 NaN  0.146736                 NaN            NaN            NaN            NaN            NaN
  1791.67        500.000        98.8887       0.962026                 NaN  0.149273                 NaN            NaN            NaN            NaN            NaN
  1788.46        500.000        98.8862       0.962022                 NaN  0.151810                 NaN            NaN            NaN            NaN            NaN
  1785.26        500.000        98.8836       0.962017                 NaN  0.154347                 NaN            NaN            NaN            NaN            NaN
  1782.05        500.000        98.8811       0.962013                 NaN  0.156884                 NaN            NaN            NaN            NaN            NaN
  1778.85        500.000        98.8786       0.962009                 NaN  0.159421                 NaN            NaN            NaN            NaN            NaN
  1775.64        500.000        98.8760       0.962004                 NaN  0.161958                 NaN            NaN            NaN            NaN            NaN
  1772.44        500.000        98.8735       0.962000                 NaN  0.164495                 NaN            NaN            NaN            NaN            NaN
  1769.23        500.000        98.8710       0.961996                 NaN  0.167032                 NaN            NaN            NaN            NaN            NaN
  1766.03        500.000        98.8673       0.961991                 NaN  0.170726                 NaN            NaN            NaN            NaN            NaN
  1762.82        500.000        98.8636       0.961986                 NaN  0.174420                 NaN            NaN            NaN            NaN            NaN
  1759.62        500.000        98.8599       0.961982                 NaN  0.178113                 NaN            NaN            NaN            NaN            NaN
  1756.41        500.000        98.8562       0.961977                 NaN  0.181807                 NaN            NaN            NaN            NaN            NaN
  1753.21        500.000        98.8525       0.961972                 NaN  0.185501                 NaN            NaN            NaN            NaN            NaN
  1750.00        500.000        98.8488       0.961968                 NaN  0.189194                 NaN            NaN            NaN            NaN            NaN
  1746.79        500.000        98.8451       0.961963                 NaN  0.192888                 NaN            NaN            NaN            NaN            NaN
  1743.59        500.000        98.8415       0.961958                 NaN  0.196582                 NaN            NaN            NaN            NaN            NaN
  1740.38        500.000        98.8361       0.961953                 NaN  0.201962                 NaN            NaN            NaN            NaN            NaN
  1737.18        500.000        98.8307       0.961948                 NaN  0.207342                 NaN            NaN            NaN            NaN            NaN
  1733.97        500.000        98.8253       0.961943                 NaN  0.212722                 NaN            NaN            NaN            NaN            NaN
  1730.77        500.000        98.8200       0.961938                 NaN  0.218103                 NaN            NaN            NaN            NaN            NaN
  1727.56        500.000        98.8146       0.961933                 NaN  0.223483                 NaN            NaN            NaN            NaN            NaN
  1724.36        500.000        98.8092       0.961928                 NaN  0.228863                 NaN            NaN            NaN            NaN            NaN
  1721.15        500.000        98.8038       0.961923                 NaN  0.234243                 NaN            NaN            NaN            NaN            NaN
  1717.95        500.000        98.7985       0.961918                 NaN  0.239623                 NaN            NaN            NaN            NaN            NaN
  1714.74        500.000        98.7903       0.961913                 NaN  0.247798                 NaN            NaN            NaN            NaN            NaN
  1711.54        500.000        98.7821       0.961908                 NaN  0.255974                 NaN            NaN            NaN            NaN            NaN
  1708.33        500.000        98.7739       0.961903                 NaN  0.264149                 NaN            NaN            NaN            NaN            NaN
  1705.13        500.000        98.7658       0.961897                 NaN  0.272324                 NaN            NaN            NaN            NaN            NaN
  1701.92        500.000        98.7556       0.961892                 NaN  0.282538                 NaN            NaN            NaN            NaN            NaN
  1698.72        500.000        98.7454       0.961887                 NaN  0.292752                 NaN            NaN            NaN            NaN            NaN
  1695.51        500.000        98.7321       0.961881                 NaN  0.303872       0.213422E-002            NaN            NaN            NaN            NaN
  1692.31        500.000        98.6986       0.961875                 NaN  0.317509       0.219693E-001            NaN            NaN            NaN            NaN
  1689.10        500.000        98.6604       0.961869                 NaN  0.336730       0.410353E-001            NaN            NaN            NaN            NaN
  1685.90        500.000        98.6221       0.961863                 NaN  0.355952       0.601010E-001            NaN            NaN            NaN            NaN
  1682.69        500.000        98.5838       0.961857                 NaN  0.375173       0.791665E-001            NaN            NaN            NaN            NaN
  1679.49        500.000        98.5455       0.961851                 NaN  0.394394       0.982318E-001            NaN            NaN            NaN            NaN
  1676.28        500.000        98.5072       0.961845                 NaN  0.413615       0.117297                 NaN            NaN            NaN            NaN
  1673.08        500.000        98.4690       0.961839                 NaN  0.432835       0.136362                 NaN            NaN            NaN            NaN
  1669.87        500.000        98.4307       0.961833                 NaN  0.452056       0.155426                 NaN            NaN            NaN            NaN
  1666.67        500.000        98.3924       0.961827                 NaN  0.471276       0.174491                 NaN            NaN            NaN            NaN
  1663.46        500.000        98.3132       0.961822                 NaN  0.532679       0.192300                 NaN            NaN            NaN            NaN
  1660.26        500.000        98.2340       0.961817                 NaN  0.594082       0.210110                 NaN            NaN            NaN            NaN
  1657.05        500.000        98.1548       0.961812                 NaN  0.655485       0.227919                 NaN            NaN            NaN            NaN
  1653.85        500.000        98.0756       0.961808                 NaN  0.716887       0.245728                 NaN            NaN            NaN            NaN
  1650.64        500.000        97.9964       0.961803                 NaN  0.778288       0.263537                 NaN            NaN            NaN            NaN
  1647.44        500.000        97.9172       0.961798                 NaN  0.839689       0.281346                 NaN            NaN            NaN            NaN
  1644.23        500.000        97.8380       0.961793                 NaN  0.901089       0.299155                 NaN            NaN            NaN            NaN
  1641.03        500.000        97.7588       0.961788                 NaN  0.962488       0.316963                 NaN            NaN            NaN            NaN
  1637.82        500.000        97.4248       0.961793                 NaN   1.27981       0.333614                 NaN            NaN            NaN            NaN
  1634.62        500.000        97.0908       0.961798                 NaN   1.59713       0.350264                 NaN            NaN            NaN            NaN
  1631.41        500.000        96.7568       0.961803                 NaN   1.91445       0.366915                 NaN            NaN            NaN            NaN
  1628.21        500.000        96.4228       0.961808                 NaN   2.23178       0.383565                 NaN            NaN            NaN            NaN
  1625.00        500.000        96.0889       0.961813                 NaN   2.54911       0.400216                 NaN            NaN            NaN            NaN
  1621.79        500.000        95.7549       0.961818                 NaN   2.86644       0.416868                 NaN            NaN            NaN            NaN
  1618.59        500.000        95.4209       0.961823                 NaN   3.18378       0.433519                 NaN            NaN            NaN            NaN
  1615.38        500.000        95.0869       0.961828                 NaN   3.50112       0.450170                 NaN            NaN            NaN            NaN
  1612.18        500.000        94.3988       0.961848                 NaN   4.17383       0.465559                 NaN            NaN            NaN            NaN
  1608.97        500.000        93.7106       0.961868                 NaN   4.84657       0.480948                 NaN            NaN            NaN            NaN
  1605.77        500.000        93.0224       0.961889                 NaN   5.51934       0.496338                 NaN            NaN            NaN            NaN
  1602.56        500.000        92.3342       0.961909                 NaN   6.19214       0.511729                 NaN            NaN            NaN            NaN
  1599.36        500.000        91.6460       0.961929                 NaN   6.86497       0.527120                 NaN            NaN            NaN            NaN
  1596.15        500.000        90.9577       0.961950                 NaN   7.53782       0.542512                 NaN            NaN            NaN            NaN
  1592.95        500.000        90.2694       0.961970                 NaN   8.21070       0.557905                 NaN            NaN            NaN            NaN
  1589.74        500.000        89.5811       0.961990                 NaN   8.88362       0.573298                 NaN            NaN            NaN            NaN
  1586.54        500.000        88.8589       0.962014                 NaN   9.59131       0.587784                 NaN            NaN            NaN            NaN
  1583.33        500.000        88.1367       0.962037                 NaN   10.2990       0.602270                 NaN            NaN            NaN            NaN
  1580.13        500.000        87.4144       0.962061                 NaN   11.0068       0.616757                 NaN            NaN            NaN            NaN
  1576.92        500.000        86.6921       0.962084                 NaN   11.7146       0.631244                 NaN            NaN            NaN            NaN
  1573.72        500.000        85.8579       0.962108                 NaN   12.3347       0.641718       0.203577                 NaN            NaN            NaN
  1570.51        500.000        84.1064       0.962133                 NaN   12.3554       0.626750        1.94933                 NaN            NaN            NaN
  1567.31        500.000        82.4290       0.962157                 NaN   12.3720       0.611312        3.62551                 NaN            NaN            NaN
  1564.10        500.000        80.7515       0.962181                 NaN   12.3887       0.595874        5.30178                 NaN            NaN            NaN
  1560.90        500.000        79.2894       0.962202                 NaN   12.3876       0.578646        6.78215                 NaN            NaN            NaN
  1557.69        500.000        77.8273       0.962223                 NaN   12.3865       0.561417        8.26260                 NaN            NaN            NaN
  1554.49        500.000        76.3650       0.962244                 NaN   12.3854       0.544187        9.74310                 NaN            NaN            NaN
  1551.28        500.000        74.9028       0.962265                 NaN   12.3844       0.526956        11.2237                 NaN            NaN            NaN
  1548.08        500.000        73.4404       0.962286                 NaN   12.3833       0.509724        12.7043                 NaN            NaN            NaN
  1544.87        500.000        71.9780       0.962307                 NaN   12.3822       0.492492        14.1850                 NaN            NaN            NaN
  1541.67        500.000        70.5155       0.962327                 NaN   12.3811       0.475259        15.6658                 NaN            NaN            NaN
  1538.46        500.000        69.0530       0.962348                 NaN   12.3800       0.458025        17.1466                 NaN            NaN            NaN
  1535.26        500.000        67.8302       0.962365                 NaN   12.3614       0.437062        18.4090                 NaN            NaN            NaN
  1532.05        500.000        66.6073       0.962382                 NaN   12.3427       0.416098        19.6715                 NaN            NaN            NaN
  1528.85        500.000        65.3844       0.962399                 NaN   12.3241       0.395133        20.9340                 NaN            NaN            NaN
  1525.64        500.000        64.1615       0.962416                 NaN   12.3054       0.374167        22.1965                 NaN            NaN            NaN
  1522.44        500.000        62.9385       0.962433                 NaN   12.2868       0.353201        23.4591                 NaN            NaN            NaN
  1519.23        500.000        61.7154       0.962450                 NaN   12.2681       0.332234        24.7218                 NaN            NaN            NaN
  1516.03        500.000        60.4924       0.962467                 NaN   12.2495       0.311266        25.9844                 NaN            NaN            NaN
  1512.82        500.000        59.2693       0.962484                 NaN   12.2308       0.290298        27.2472                 NaN            NaN            NaN
  1509.62        500.000        58.1684       0.962498                 NaN   12.2072       0.262963        28.3989                 NaN            NaN            NaN
  1506.41        500.000        57.0675       0.962511                 NaN   12.1836       0.235627        29.5507                 NaN            NaN            NaN
  1503.21        500.000        55.9666       0.962525                 NaN   12.1600       0.208290        30.7026                 NaN            NaN            NaN
  1500.00        500.000        54.8657       0.962538                 NaN   12.1364       0.180953        31.8545                 NaN            NaN            NaN
  1496.79        500.000        53.7647       0.962552                 NaN   12.1128       0.153615        33.0064                 NaN            NaN            NaN
  1493.59        500.000        52.6637       0.962566                 NaN   12.0892       0.126276        34.1583                 NaN            NaN            NaN
  1490.38        500.000        51.5627       0.962579                 NaN   12.0656       0.989359E-001   35.3103                 NaN            NaN            NaN
  1487.18        500.000        50.4616       0.962593                 NaN   12.0420       0.715954E-001   36.4623                 NaN            NaN            NaN
  1483.97        500.000        49.3871       0.962604                 NaN   12.0202       0.379330E-001   37.5922                 NaN            NaN            NaN
  1480.77        500.000        48.3126       0.962615                 NaN   11.9983       0.426981E-002   38.7222                 NaN            NaN            NaN
  1477.56        500.000        47.3368       0.962624                 NaN   11.9899                 NaN   39.7107                 NaN            NaN            NaN
  1474.36        500.000        46.3515       0.962631                 NaN   11.9741                 NaN   40.7117                 NaN            NaN            NaN
  1471.15        500.000        45.3772       0.962638                 NaN   11.9688                 NaN   41.6914                 NaN            NaN            NaN
  1467.95        500.000        44.4028       0.962645                 NaN   11.9635                 NaN   42.6710                 NaN            NaN            NaN
  1464.74        500.000        42.9125       0.962658                 NaN   11.9750                 NaN   43.3198       0.830023                 NaN            NaN
  1461.54        500.000        41.2348       0.962674                 NaN   11.9954                 NaN   43.8002        2.00693                 NaN            NaN
  1458.33        500.000        39.6871       0.962686                 NaN   11.9933                 NaN   44.2482        3.10869                 NaN            NaN
  1455.13        500.000        38.1394       0.962698                 NaN   11.9912                 NaN   44.6962        4.21047                 NaN            NaN
  1451.92        500.000        36.5917       0.962711                 NaN   11.9891                 NaN   45.1442        5.31229                 NaN            NaN
  1448.72        500.000        35.0439       0.962723                 NaN   11.9870                 NaN   45.5923        6.41413                 NaN            NaN
  1445.51        500.000        33.6290       0.962733                 NaN   11.9632                 NaN   46.0040        7.44112                 NaN            NaN
  1442.31        500.000        32.2142       0.962742                 NaN   11.9393                 NaN   46.4156        8.46812                 NaN            NaN
  1439.10        500.000        30.7120       0.962759                 NaN   11.8770                 NaN   46.1853        9.41675       0.846274                 NaN
  1435.90        500.000        29.1672       0.962780                 NaN   11.7946                 NaN   45.6379        10.3210        2.11658                 NaN
  1432.69        500.000        29.1672       0.962780                 NaN   11.7946                 NaN   45.6379        10.3210        2.11658                 NaN
  1429.49        500.000        29.1672       0.962780                 NaN   11.7946                 NaN   45.6379        10.3210        2.11658                 NaN
  1426.28        500.000        29.1672       0.962780                 NaN   11.7946                 NaN   45.6379        10.3210        2.11658                 NaN
  1423.08        500.000        23.6077       0.962846                 NaN   11.4563                 NaN   44.2301        13.6966        6.04646                 NaN
  1419.87        500.000        22.0087       0.962873                 NaN   11.4690                 NaN   43.8561        7.03928        14.4686       0.195429     
  1416.67        500.000        19.8166       0.962929                 NaN   11.6822                 NaN   43.1600        8.45140        15.1425       0.784312     
  1413.46        500.000        19.8166       0.962929                 NaN   11.6822                 NaN   43.1600        8.45140        15.1425       0.784312     
  1410.26        500.000        16.2390       0.963024                 NaN   12.0480                 NaN   41.9267        16.2187        10.8271        1.77737     
  1407.05        500.000        16.2390       0.963024                 NaN   12.0480                 NaN   41.9267        16.2187        10.8271        1.77737     
  1403.85        500.000        13.4556       0.963102                 NaN   12.3391                 NaN   40.8986        12.7316        17.0227        2.58923     
  1400.64        500.000        12.2701       0.963136                 NaN   12.4534       0.235827E-001   40.3147        17.3619        13.6596        2.95360     
  1397.44        500.000        11.2098       0.963168                 NaN   12.5516       0.506987E-001   39.7373        14.5388        17.6577        3.29086     
  1394.23        500.000        11.2098       0.963168                 NaN   12.5516       0.506987E-001   39.7373        14.5388        17.6577        3.29086     
  1391.03        500.000        11.2098       0.963168                 NaN   12.5516       0.506987E-001   39.7373        14.5388        17.6577        3.29086     
  1387.82        500.000        11.2098       0.963168                 NaN   12.5516       0.506987E-001   39.7373        14.5388        17.6577        3.29086     
  1384.62        500.000        7.89001       0.963268                 NaN   12.8552       0.139456        37.8809        17.3355        18.4980        4.43760     
  1381.41        500.000        7.89001       0.963268                 NaN   12.8552       0.139456        37.8809        17.3355        18.4980        4.43760     
  1378.21        500.000        7.89001       0.963268                 NaN   12.8552       0.139456        37.8809        17.3355        18.4980        4.43760     
  1375.00        500.000        7.89001       0.963268                 NaN   12.8552       0.139456        37.8809        17.3355        18.4980        4.43760     
  1371.79        500.000        7.89001       0.963268                 NaN   12.8552       0.139456        37.8809        17.3355        18.4980        4.43760     
  1368.59        500.000        7.89001       0.963268                 NaN   12.8552       0.139456        37.8809        17.3355        18.4980        4.43760     
  1365.38        500.000        7.89001       0.963268                 NaN   12.8552       0.139456        37.8809        17.3355        18.4980        4.43760     
  1362.18        500.000        7.89001       0.963268                 NaN   12.8552       0.139456        37.8809        17.3355        18.4980        4.43760     
  1358.97        500.000        3.76917       0.963393                 NaN   13.2000       0.255874        35.5427        19.2359        20.8572        6.17577     
  1355.77        500.000        3.76917       0.963393                 NaN   13.2000       0.255874        35.5427        19.2359        20.8572        6.17577     
  1352.56        500.000        3.76917       0.963393                 NaN   13.2000       0.255874        35.5427        19.2359        20.8572        6.17577     
  1349.36        500.000        3.76917       0.963393                 NaN   13.2000       0.255874        35.5427        19.2359        20.8572        6.17577     
  1346.15        500.000        3.76917       0.963393                 NaN   13.2000       0.255874        35.5427        19.2359        20.8572        6.17577     
  1342.95        500.000        3.76917       0.963393                 NaN   13.2000       0.255874        35.5427        19.2359        20.8572        6.17577     
  1339.74        500.000        3.76917       0.963393                 NaN   13.2000       0.255874        35.5427        19.2359        20.8572        6.17577     
  1336.54        500.000        3.76917       0.963393                 NaN   13.2000       0.255874        35.5427        19.2359        20.8572        6.17577     
  1333.33        500.000        1.17757       0.963461                 NaN   13.3326       0.328716        34.2410        22.9945        19.4121        7.55007     
  1330.13        500.000        1.17757       0.963461                 NaN   13.3326       0.328716        34.2410        22.9945        19.4121        7.55007     
  1326.92        500.000        1.17757       0.963461                 NaN   13.3326       0.328716        34.2410        22.9945        19.4121        7.55007     
  1323.72        500.000        1.17757       0.963461                 NaN   13.3326       0.328716        34.2410        22.9945        19.4121        7.55007     
  1320.51        500.000       0.166155       0.963482                 NaN   13.3493       0.353908        33.8404        19.4035        23.7648        8.15851     
  1317.31        500.000                 NaN  0.963486                 NaN   13.3551       0.358671        33.7995        23.8544        19.3987        8.27015     
  1314.10        500.000                 NaN  0.963490                 NaN   13.3781       0.362377        33.8478        19.4022        23.7473        8.29882     
  1310.90        500.000                 NaN  0.963490                 NaN   13.3781       0.362377        33.8478        19.4022        23.7473        8.29882     
  1307.69        500.000                 NaN  0.963498                 NaN   13.4272       0.369263        33.9519        19.3932        23.5359        8.35905     
  1304.49        500.000                 NaN  0.963498                 NaN   13.4272       0.369263        33.9519        19.3932        23.5359        8.35905     
  1301.28        500.000                 NaN  0.963498                 NaN   13.4272       0.369263        33.9519        19.3932        23.5359        8.35905     
  1298.08        500.000                 NaN  0.963498                 NaN   13.4272       0.369263        33.9519        19.3932        23.5359        8.35905     
  1294.87        500.000                 NaN  0.963498                 NaN   13.4272       0.369263        33.9519        19.3932        23.5359        8.35905     
  1291.67        500.000                 NaN  0.963498                 NaN   13.4272       0.369263        33.9519        19.3932        23.5359        8.35905     
  1288.46        500.000                 NaN  0.963498                 NaN   13.4272       0.369263        33.9519        19.3932        23.5359        8.35905     
  1285.26        500.000                 NaN  0.963498                 NaN   13.4272       0.369263        33.9519        19.3932        23.5359        8.35905     
  1282.05        500.000                 NaN  0.963529                 NaN   13.6075       0.398548        34.3518        19.3710        22.7249        8.58267     
  1278.85        500.000                 NaN  0.963529                 NaN   13.6075       0.398548        34.3518        19.3710        22.7249        8.58267     
  1275.64        500.000                 NaN  0.963529                 NaN   13.6075       0.398548        34.3518        19.3710        22.7249        8.58267     
  1272.44        500.000                 NaN  0.963529                 NaN   13.6075       0.398548        34.3518        19.3710        22.7249        8.58267     
  1269.23        500.000                 NaN  0.963529                 NaN   13.6075       0.398548        34.3518        19.3710        22.7249        8.58267     
  1266.03        500.000                 NaN  0.963529                 NaN   13.6075       0.398548        34.3518        19.3710        22.7249        8.58267     
  1262.82        500.000                 NaN  0.963529                 NaN   13.6075       0.398548        34.3518        19.3710        22.7249        8.58267     
  1259.62        500.000                 NaN  0.963529                 NaN   13.6075       0.398548        34.3518        19.3710        22.7249        8.58267     
  1256.41        500.000                 NaN  0.963558                 NaN   13.7762       0.428196        34.7522        19.3420        21.9455        8.79236     
  1253.21        500.000                 NaN  0.963558                 NaN   13.7762       0.428196        34.7522        19.3420        21.9455        8.79236     
  1250.00        500.000                 NaN  0.963558                 NaN   13.7762       0.428196        34.7522        19.3420        21.9455        8.79236     
  1246.79        500.000                 NaN  0.963558                 NaN   13.7762       0.428196        34.7522        19.3420        21.9455        8.79236     
  1243.59        500.000                 NaN  0.963558                 NaN   13.7762       0.428196        34.7522        19.3420        21.9455        8.79236     
  1240.38        500.000                 NaN  0.963558                 NaN   13.7762       0.428196        34.7522        19.3420        21.9455        8.79236     
  1237.18        500.000                 NaN  0.963558                 NaN   13.7762       0.428196        34.7522        19.3420        21.9455        8.79236     
  1233.97        500.000                 NaN  0.963558                 NaN   13.7762       0.428196        34.7522        19.3420        21.9455        8.79236     
